 1.606      -111.23898996
 1.609      -111.24360401
 1.611      -111.24817521
 1.614      -111.25270394
 1.616      -111.25718982
 1.619      -111.26163320
 1.621      -111.26603428
 1.624      -111.27039266
 1.626      -111.27470879
 1.629      -111.27898283
 1.631      -111.28321470
 1.634      -111.28740446
 1.636      -111.29155255
 1.639      -111.29565922
 1.641      -111.29972375
 1.644      -111.30374704
 1.646      -111.30772937
 1.649      -111.31167046
 1.651      -111.31557093
 1.654      -111.31943030
 1.656      -111.32324974
 1.659      -111.32702864
 1.661      -111.33076770
 1.664      -111.33446694
 1.666      -111.33812664
 1.669      -111.34174696
 1.671      -111.34532819
 1.674      -111.34887052
 1.676      -111.35237444
 1.679      -111.35584001
 1.681      -111.35926736
 1.684      -111.36265699
 1.686      -111.36600892
 1.689      -111.36932374
 1.691      -111.37260128
 1.694      -111.37584240
 1.696      -111.37904687
 1.699      -111.38221506
 1.701      -111.38534740
 1.704      -111.38844401
 1.706      -111.39150558
 1.709      -111.39453174
 1.711      -111.39752329
 1.714      -111.40048025
 1.716      -111.40340284
 1.719      -111.40629164
 1.721      -111.40914700
 1.724      -111.41196869
 1.726      -111.41475717
 1.729      -111.41751322
 1.731      -111.42023660
 1.734      -111.42292781
 1.736      -111.42558708
 1.739      -111.42821444
 1.741      -111.43081094
 1.744      -111.43337596
 1.746      -111.43591031
 1.749      -111.43841394
 1.751      -111.44088767
 1.754      -111.44333116
 1.756      -111.44574512
 1.759      -111.44812984
 1.761      -111.45048519
 1.764      -111.45281180
 1.766      -111.45510983
 1.769      -111.45737950
 1.771      -111.45962118
 1.774      -111.46183509
 1.776      -111.46402153
 1.779      -111.46618079
 1.781      -111.46831287
 1.784      -111.47041846
 1.786      -111.47249738
 1.789      -111.47455033
 1.791      -111.47657732
 1.794      -111.47857864
 1.796      -111.48055438
 1.799      -111.48250496
 1.801      -111.48443080
 1.804      -111.48633168
 1.806      -111.48820821
 1.809      -111.49006083
 1.811      -111.49188910
 1.814      -111.49369384
 1.816      -111.49547508
 1.819      -111.49723300
 1.821      -111.49896781
 1.824      -111.50067983
 1.826      -111.50236958
 1.829      -111.50403654
 1.831      -111.50568163
 1.834      -111.50730466
 1.836      -111.50890603
 1.839      -111.51048597
 1.841      -111.51204457
 1.844      -111.51358204
 1.846      -111.51509891
 1.849      -111.51659476
 1.851      -111.51807030
 1.854      -111.51952577
 1.856      -111.52096097
 1.859      -111.52237638
 1.861      -111.52377204
 1.864      -111.52514835
 1.866      -111.52650531
 1.869      -111.52784325
 1.871      -111.52916225
 1.874      -111.53046244
 1.876      -111.53174403
 1.879      -111.53300743
 1.881      -111.53425254
 1.884      -111.53547967
 1.886      -111.53668884
 1.889      -111.53788033
 1.891      -111.53905449
 1.894      -111.54021131
 1.896      -111.54135078
 1.899      -111.54247334
 1.901      -111.54357908
 1.904      -111.54466801
 1.906      -111.54574044
 1.909      -111.54679649
 1.911      -111.54783635
 1.914      -111.54886013
 1.916      -111.54986795
 1.919      -111.55086002
 1.921      -111.55183643
 1.924      -111.55279730
 1.926      -111.55374283
 1.929      -111.55467314
 1.931      -111.55558842
 1.934      -111.55648889
 1.936      -111.55737436
 1.939      -111.55824512
 1.941      -111.55910160
 1.944      -111.55994349
 1.946      -111.56077110
 1.949      -111.56158474
 1.951      -111.56238421
 1.954      -111.56316982
 1.956      -111.56394169
 1.959      -111.56469990
 1.961      -111.56544457
 1.964      -111.56617581
 1.966      -111.56689372
 1.969      -111.56759870
 1.971      -111.56829027
 1.974      -111.56896912
 1.976      -111.56963507
 1.979      -111.57028832
 1.981      -111.57092907
 1.984      -111.57155712
 1.986      -111.57217279
 1.989      -111.57277628
 1.991      -111.57336760
 1.994      -111.57394673
 1.996      -111.57451400
 1.999      -111.57506931
 2.001      -111.57561296
 2.004      -111.57614485
 2.006      -111.57666519
 2.009      -111.57717408
 2.011      -111.57767154
 2.014      -111.57815785
 2.016      -111.57863283
 2.019      -111.57909667
 2.021      -111.57954969
 2.024      -111.57999177
 2.026      -111.58042304
 2.029      -111.58084349
 2.031      -111.58125343
 2.034      -111.58165276
 2.036      -111.58204178
 2.039      -111.58242028
 2.041      -111.58278849
 2.044      -111.58314660
 2.046      -111.58349460
 2.049      -111.58383262
 2.051      -111.58416054
 2.054      -111.58447877
 2.056      -111.58478712
 2.059      -111.58508587
 2.061      -111.58537505
 2.064      -111.58565464
 2.066      -111.58592486
 2.069      -111.58618560
 2.071      -111.58643706
 2.074      -111.58667946
 2.076      -111.58691267
 2.079      -111.58713693
 2.081      -111.58735201
 2.084      -111.58755823
 2.086      -111.58775588
 2.089      -111.58794457
 2.091      -111.58812470
 2.094      -111.58829617
 2.096      -111.58845928
 2.099      -111.58861373
 2.101      -111.58876003
 2.104      -111.58889797
 2.106      -111.58902776
 2.109      -111.58914930
 2.111      -111.58926278
 2.114      -111.58936832
 2.116      -111.58946590
 2.119      -111.58955574
 2.121      -111.58963772
 2.124      -111.58971197
 2.126      -111.58977866
 2.129      -111.58983771
 2.131      -111.58988932
 2.134      -111.58993358
 2.136      -111.58997029
 2.139      -111.58999986
 2.141      -111.59002220
 2.144      -111.59003728
 2.146      -111.59004553
 2.149      -111.59004654
 2.151      -111.59004070
 2.154      -111.59002803
 2.156      -111.59000851
 2.159      -111.58998216
 2.161      -111.58994937
 2.164      -111.58990973
 2.166      -111.58986376
 2.169      -111.58981136
 2.171      -111.58975251
 2.174      -111.58968712
 2.176      -111.58961570
 2.179      -111.58953793
 2.181      -111.58945423
 2.184      -111.58936429
 2.186      -111.58926852
 2.189      -111.58916670
 2.191      -111.58905905
 2.194      -111.58894566
 2.196      -111.58882644
 2.199      -111.58870157
 2.201      -111.58857117
 2.204      -111.58843523
 2.206      -111.58829375
 2.209      -111.58814694
 2.211      -111.58799479
 2.214      -111.58783729
 2.216      -111.58767457
 2.219      -111.58750680
 2.221      -111.58733389
 2.224      -111.58715595
 2.226      -111.58697317
 2.229      -111.58678535
 2.231      -111.58659279
 2.234      -111.58639549
 2.236      -111.58619355
 2.239      -111.58598678
 2.241      -111.58577556
 2.244      -111.58555970
 2.246      -111.58533961
 2.249      -111.58511508
 2.251      -111.58488620
 2.254      -111.58465299
 2.256      -111.58441573
 2.259      -111.58417424
 2.261      -111.58392870
 2.264      -111.58367923
 2.266      -111.58342571
 2.269      -111.58316846
 2.271      -111.58290726
 2.274      -111.58264232
 2.276      -111.58237364
 2.279      -111.58210142
 2.281      -111.58182566
 2.284      -111.58154626
 2.286      -111.58126341
 2.289      -111.58097732
 2.291      -111.58068770
 2.294      -111.58039492
 2.296      -111.58009902
 2.299      -111.57979976
 2.301      -111.57949757
 2.304      -111.57919224
 2.306      -111.57888395
 2.309      -111.57857294
 2.311      -111.57825878
 2.314      -111.57794207
 2.316      -111.57762253
 2.319      -111.57730024
 2.321      -111.57697521
 2.324      -111.57664784
 2.326      -111.57631803
 2.329      -111.57598548
 2.331      -111.57565089
 2.334      -111.57531365
 2.336      -111.57497428
 2.339      -111.57463276
 2.341      -111.57428879
 2.344      -111.57394300
 2.346      -111.57359496
 2.349      -111.57324498
 2.351      -111.57289296
 2.354      -111.57253920
 2.356      -111.57218349
 2.359      -111.57182605
 2.361      -111.57146687
 2.364      -111.57110595
 2.366      -111.57074349
 2.369      -111.57037930
 2.371      -111.57001366
 2.374      -111.56964669
 2.376      -111.56927807
 2.379      -111.56890822
 2.381      -111.56853704
 2.384      -111.56816461
 2.386      -111.56779084
 2.389      -111.56741595
 2.391      -111.56704001
 2.394      -111.56666295
 2.396      -111.56628494
 2.399      -111.56590590
 2.401      -111.56552582
 2.404      -111.56514491
 2.406      -111.56476327
 2.409      -111.56438080
 2.411      -111.56399749
 2.414      -111.56361345
 2.416      -111.56322897
 2.419      -111.56284386
 2.421      -111.56245813
 2.424      -111.56207176
 2.426      -111.56168506
 2.429      -111.56129793
 2.431      -111.56091027
 2.434      -111.56052239
 2.436      -111.56013417
 2.439      -111.55974563
 2.441      -111.55935695
 2.444      -111.55896805
 2.446      -111.55857903
 2.449      -111.55818977
 2.451      -111.55780060
 2.454      -111.55741150
 2.456      -111.55702217
 2.459      -111.55663302
 2.461      -111.55624385
 2.464      -111.55585495
 2.466      -111.55546613
 2.469      -111.55507759
 2.471      -111.55468923
 2.474      -111.55430105
 2.476      -111.55391324
 2.479      -111.55352583
 2.481      -111.55313868
 2.484      -111.55275203
 2.486      -111.55236565
 2.489      -111.55197986
 2.491      -111.55159444
 2.494      -111.55120982
 2.496      -111.55082537
 2.499      -111.55044171
 2.501      -111.55005864
 2.504      -111.54967635
 2.506      -111.54929455
 2.509      -111.54891344
 2.511      -111.54853311
 2.514      -111.54815348
 2.516      -111.54777473
 2.519      -111.54739666
 2.521      -111.54701959
 2.524      -111.54664321
 2.526      -111.54626773
 2.529      -111.54589323
 2.531      -111.54551952
 2.534      -111.54514691
 2.536      -111.54477519
 2.539      -111.54440457
 2.541      -111.54403483
 2.544      -111.54366610
 2.546      -111.54329855
 2.549      -111.54293190
 2.551      -111.54256655
 2.554      -111.54220210
 2.556      -111.54183884
 2.559      -111.54147678
 2.561      -111.54111602
 2.564      -111.54075616
 2.566      -111.54039770
 2.569      -111.54004023
 2.571      -111.53968416
 2.574      -111.53932930
 2.576      -111.53897563
 2.579      -111.53862327
 2.581      -111.53827222
 2.584      -111.53792246
 2.586      -111.53757390
 2.589      -111.53722665
 2.591      -111.53688090
 2.594      -111.53653646
 2.596      -111.53619342
 2.599      -111.53585148
 2.601      -111.53551105
 2.604      -111.53517202
 2.606      -111.53483440
 2.609      -111.53449819
 2.611      -111.53416327
 2.614      -111.53382998
 2.616      -111.53349788
 2.619      -111.53316740
 2.621      -111.53283822
 2.624      -111.53251055
 2.626      -111.53218418
 2.629      -111.53185944
 2.631      -111.53153599
 2.634      -111.53121405
 2.636      -111.53089362
 2.639      -111.53057461
 2.641      -111.53025721
 2.644      -111.52994111
 2.646      -111.52962653
 2.649      -111.52931346
 2.651      -111.52900169
 2.654      -111.52869155
 2.656      -111.52838301
 2.659      -111.52807568
 2.661      -111.52777017
 2.664      -111.52746587
 2.666      -111.52716307
 2.669      -111.52686180
 2.671      -111.52656193
 2.674      -111.52626358
 2.676      -111.52596684
 2.679      -111.52567142
 2.681      -111.52537751
 2.684      -111.52508500
 2.686      -111.52479402
 2.689      -111.52450455
 2.691      -111.52421650
 2.694      -111.52392986
 2.696      -111.52364463
 2.699      -111.52336091
 2.701      -111.52307872
 2.704      -111.52279783
 2.706      -111.52251846
 2.709      -111.52224041
 2.711      -111.52196387
 2.714      -111.52168874
 2.716      -111.52141503
 2.719      -111.52114284
 2.721      -111.52087176
 2.724      -111.52060219
 2.726      -111.52033415
 2.729      -111.52006742
 2.731      -111.51980200
 2.734      -111.51953789
 2.736      -111.51927520
 2.739      -111.51901392
 2.741      -111.51875386
 2.744      -111.51849523
 2.746      -111.51823800
 2.749      -111.51798188
 2.751      -111.51772729
 2.754      -111.51747402
 2.756      -111.51722195
 2.759      -111.51697109
 2.761      -111.51672156
 2.764      -111.51647324
 2.766      -111.51622624
 2.769      -111.51598055
 2.771      -111.51573608
 2.774      -111.51549292
 2.776      -111.51525078
 2.779      -111.51500995
 2.781      -111.51477043
 2.784      -111.51453193
 2.786      -111.51429486
 2.789      -111.51405869
 2.791      -111.51382393
 2.794      -111.51359020
 2.796      -111.51335756
 2.799      -111.51312616
 2.801      -111.51289597
 2.804      -111.51266679
 2.806      -111.51243881
 2.809      -111.51221196
 2.811      -111.51198603
 2.814      -111.51176130
 2.816      -111.51153759
 2.819      -111.51131500
 2.821      -111.51109342
 2.824      -111.51087304
 2.826      -111.51065349
 2.829      -111.51043505
 2.831      -111.51021772
 2.834      -111.51000121
 2.836      -111.50978591
 2.839      -111.50957164
 2.841      -111.50935816
 2.844      -111.50914579
 2.846      -111.50893425
 2.849      -111.50872371
 2.851      -111.50851408
 2.854      -111.50830559
 2.856      -111.50809800
 2.859      -111.50789111
 2.861      -111.50768524
 2.864      -111.50748038
 2.866      -111.50727623
 2.869      -111.50707310
 2.871      -111.50687098
 2.874      -111.50666957
 2.876      -111.50646898
 2.879      -111.50626930
 2.881      -111.50607052
 2.884      -111.50587266
 2.886      -111.50567552
 2.889      -111.50547918
 2.891      -111.50528375
 2.894      -111.50508904
 2.896      -111.50489513
 2.899      -111.50470214
 2.901      -111.50450986
 2.904      -111.50431850
 2.906      -111.50412763
 2.909      -111.50393769
 2.911      -111.50374865
 2.914      -111.50356033
 2.916      -111.50337262
 2.919      -111.50318582
 2.921      -111.50299972
 2.924      -111.50281435
 2.926      -111.50262968
 2.929      -111.50244581
 2.931      -111.50226266
 2.934      -111.50208012
 2.936      -111.50189840
 2.939      -111.50171728
 2.941      -111.50153708
 2.944      -111.50135747
 2.946      -111.50117848
 2.949      -111.50100031
 2.951      -111.50082285
 2.954      -111.50064599
 2.956      -111.50046984
 2.959      -111.50029441
 2.961      -111.50011949
 2.964      -111.49994547
 2.966      -111.49977207
 2.969      -111.49959927
 2.971      -111.49942709
 2.974      -111.49925571
 2.976      -111.49908496
 2.979      -111.49891491
 2.981      -111.49874545
 2.984      -111.49857662
 2.986      -111.49840859
 2.989      -111.49824119
 2.991      -111.49807429
 2.994      -111.49790820
 2.996      -111.49774260
 2.999      -111.49757794
 3.001      -111.49741367
 3.004      -111.49725022
 3.006      -111.49708738
 3.009      -111.49692505
 3.011      -111.49676354
 3.014      -111.49660262
 3.016      -111.49644243
 3.019      -111.49628284
 3.021      -111.49612396
 3.024      -111.49596570
 3.026      -111.49580813
 3.029      -111.49565109
 3.031      -111.49549485
 3.034      -111.49533924
 3.036      -111.49518422
 3.039      -111.49503013
 3.041      -111.49487633
 3.044      -111.49472334
 3.046      -111.49457119
 3.049      -111.49441963
 3.051      -111.49426868
 3.054      -111.49411834
 3.056      -111.49396893
 3.059      -111.49382011
 3.061      -111.49367192
 3.064      -111.49352443
 3.066      -111.49337754
 3.069      -111.49323159
 3.071      -111.49308624
 3.074      -111.49294149
 3.076      -111.49279767
 3.079      -111.49265445
 3.081      -111.49251206
 3.084      -111.49237017
 3.086      -111.49222910
 3.089      -111.49208883
 3.091      -111.49194918
 3.094      -111.49181045
 3.096      -111.49167232
 3.099      -111.49153500
 3.101      -111.49139842
 3.104      -111.49126262
 3.106      -111.49112756
 3.109      -111.49099330
 3.111      -111.49085986
 3.114      -111.49072714
 3.116      -111.49059513
 3.119      -111.49046403
 3.121      -111.49033364
 3.124      -111.49020427
 3.126      -111.49007552
 3.129      -111.48994758
 3.131      -111.48982055
 3.134      -111.48969425
 3.136      -111.48956894
 3.139      -111.48944426
 3.141      -111.48932061
 3.144      -111.48919766
 3.146      -111.48907562
 3.149      -111.48895451
 3.151      -111.48883421
 3.154      -111.48871494
 3.156      -111.48859648
 3.159      -111.48847873
 3.161      -111.48836199
 3.164      -111.48824618
 3.166      -111.48813128
 3.169      -111.48801730
 3.171      -111.48790423
 3.174      -111.48779210
 3.176      -111.48768086
 3.179      -111.48757046
 3.181      -111.48746116
 3.184      -111.48735280
 3.186      -111.48724543
 3.189      -111.48713900
 3.191      -111.48703348
 3.194      -111.48692898
 3.196      -111.48682550
 3.199      -111.48672294
 3.201      -111.48662161
 3.204      -111.48652098
 3.206      -111.48642159
 3.209      -111.48632301
 3.211      -111.48622575
 3.214      -111.48612920
 3.216      -111.48603388
 3.219      -111.48593948
 3.221      -111.48584630
 3.224      -111.48575414
 3.226      -111.48566301
 3.229      -111.48557288
 3.231      -111.48548379
 3.234      -111.48539592
 3.236      -111.48530916
 3.239      -111.48522354
 3.241      -111.48513883
 3.244      -111.48505523
 3.246      -111.48497296
 3.249      -111.48489162
 3.251      -111.48481151
 3.254      -111.48473250
 3.256      -111.48465473
 3.259      -111.48457798
 3.261      -111.48450234
 3.264      -111.48442804
 3.266      -111.48435476
 3.269      -111.48428259
 3.271      -111.48421166
 3.274      -111.48414194
 3.276      -111.48407335
 3.279      -111.48400598
 3.281      -111.48393985
 3.284      -111.48387482
 3.286      -111.48381113
 3.289      -111.48374846
 3.291      -111.48368722
 3.294      -111.48362709
 3.296      -111.48356820
 3.299      -111.48351043
 3.301      -111.48345407
 3.304      -111.48339886
 3.306      -111.48334486
 3.309      -111.48329208
 3.311      -111.48324075
 3.314      -111.48319043
 3.316      -111.48314152
 3.319      -111.48309385
 3.321      -111.48304740
 3.324      -111.48300219
 3.326      -111.48295830
 3.329      -111.48291572
 3.331      -111.48287449
 3.334      -111.48283448
 3.336      -111.48279559
 3.339      -111.48275822
 3.341      -111.48272198
 3.344      -111.48268717
 3.346      -111.48265360
 3.349      -111.48262123
 3.351      -111.48259040
 3.354      -111.48256070
 3.356      -111.48253221
 3.359      -111.48250537
 3.361      -111.48247964
 3.364      -111.48245514
 3.366      -111.48243208
 3.369      -111.48241034
 3.371      -111.48238992
 3.374      -111.48237073
 3.376      -111.48235297
 3.379      -111.48233653
 3.381      -111.48232142
 3.384      -111.48230753
 3.386      -111.48229507
 3.389      -111.48228385
 3.391      -111.48227415
 3.394      -111.48226559
 3.396      -111.48225843
 3.399      -111.48225271
 3.401      -111.48224812
 3.404      -111.48224507
 3.406      -111.48224322
 3.409      -111.48224271
 3.411      -111.48224364
 3.414      -111.48224587
 3.416      -111.48224924
 3.419      -111.48225414
 3.421      -111.48226047
 3.424      -111.48226803
 3.426      -111.48227691
 3.429      -111.48228712
 3.431      -111.48229865
 3.434      -111.48231151
 3.436      -111.48232571
 3.439      -111.48234133
 3.441      -111.48235817
 3.444      -111.48237624
 3.446      -111.48239584
 3.449      -111.48241656
 3.451      -111.48243881
 3.454      -111.48246230
 3.456      -111.48248709
 3.459      -111.48251312
 3.461      -111.48254059
 3.464      -111.48256927
 3.466      -111.48259928
 3.469      -111.48263062
 3.471      -111.48266328
 3.474      -111.48269718
 3.476      -111.48273239
 3.479      -111.48276904
 3.481      -111.48280681
 3.484      -111.48284602
 3.486      -111.48288643
 3.489      -111.48292808
 3.491      -111.48297095
 3.494      -111.48301516
 3.496      -111.48306068
 3.499      -111.48310743
 3.501      -111.48315551
 3.504      -111.48320481
 3.506      -111.48325534
 3.509      -111.48330709
 3.511      -111.48336016
 3.514      -111.48341457
 3.516      -111.48347000
 3.519      -111.48352676
 3.521      -111.48358483
 3.524      -111.48364403
 3.526      -111.48370437
 3.529      -111.48376601
 3.531      -111.48382900
 3.534      -111.48389299
 3.536      -111.48395831
 3.539      -111.48402477
 3.541      -111.48409244
 3.544      -111.48416124
 3.546      -111.48423126
 3.549      -111.48430250
 3.551      -111.48437486
 3.554      -111.48444825
 3.556      -111.48452307
 3.559      -111.48459879
 3.561      -111.48467576
 3.564      -111.48475384
 3.566      -111.48483314
 3.569      -111.48491357
 3.571      -111.48499502
 3.574      -111.48507769
 3.576      -111.48516127
 3.579      -111.48524609
 3.581      -111.48533202
 3.584      -111.48541898
 3.586      -111.48550715
 3.589      -111.48559626
 3.591      -111.48568647
 3.594      -111.48577771
 3.596      -111.48587009
 3.599      -111.48596356
 3.601      -111.48605796
 3.604      -111.48615349
 3.606      -111.48624993
 3.609      -111.48634740
 3.611      -111.48644597
 3.614      -111.48654548
 3.616      -111.48664609
 3.619      -111.48674754
 3.621      -111.48685020
 3.624      -111.48695358
 3.626      -111.48705798
 3.629      -111.48716349
 3.631      -111.48726983
 3.634      -111.48737718
 3.636      -111.48748545
 3.639      -111.48759464
 3.641      -111.48770485
 3.644      -111.48781597
 3.646      -111.48792780
 3.649      -111.48804066
 3.651      -111.48815435
 3.654      -111.48826904
 3.656      -111.48838454
 3.659      -111.48850096
 3.661      -111.48861820
 3.664      -111.48873627
 3.666      -111.48885534
 3.669      -111.48897513
 3.671      -111.48909573
 3.674      -111.48921705
 3.676      -111.48933938
 3.679      -111.48946253
 3.681      -111.48958629
 3.684      -111.48971098
 3.686      -111.48983646
 3.689      -111.48996268
 3.691      -111.49008959
 3.694      -111.49021743
 3.696      -111.49034578
 3.699      -111.49047514
 3.701      -111.49060512
 3.704      -111.49073581
 3.706      -111.49086721
 3.709      -111.49099922
 3.711      -111.49113215
 3.714      -111.49126569
 3.716      -111.49139994
 3.719      -111.49153470
 3.721      -111.49167038
 3.724      -111.49180666
 3.726      -111.49194337
 3.729      -111.49208088
 3.731      -111.49221910
 3.734      -111.49235793
 3.736      -111.49249727
 3.739      -111.49263723
 3.741      -111.49277788
 3.744      -111.49291905
 3.746      -111.49306084
 3.749      -111.49320323
 3.751      -111.49334624
 3.754      -111.49348965
 3.756      -111.49363387
 3.759      -111.49377851
 3.761      -111.49392364
 3.764      -111.49406918
 3.766      -111.49421544
 3.769      -111.49436230
 3.771      -111.49450938
 3.774      -111.49465715
 3.776      -111.49480534
 3.779      -111.49495404
 3.781      -111.49510325
 3.784      -111.49525286
 3.786      -111.49540297
 3.789      -111.49555359
 3.791      -111.49570453
 3.794      -111.49585607
 3.796      -111.49600781
 3.799      -111.49616016
 3.801      -111.49631282
 3.804      -111.49646597
 3.806      -111.49661946
 3.809      -111.49677322
 3.811      -111.49692749
 3.814      -111.49708229
 3.816      -111.49723717
 3.819      -111.49739257
 3.821      -111.49754837
 3.824      -111.49770437
 3.826      -111.49786078
 3.829      -111.49801750
 3.831      -111.49817451
 3.834      -111.49833193
 3.836      -111.49848966
 3.839      -111.49864758
 3.841      -111.49880592
 3.844      -111.49896435
 3.846      -111.49912328
 3.849      -111.49928232
 3.851      -111.49944166
 3.854      -111.49960131
 3.856      -111.49976116
 3.859      -111.49992121
 3.861      -111.50008167
 3.864      -111.50024223
 3.866      -111.50040308
 3.869      -111.50056403
 3.871      -111.50072519
 3.874      -111.50088676
 3.876      -111.50104832
 3.879      -111.50121019
 3.881      -111.50137215
 3.884      -111.50153432
 3.886      -111.50169679
 3.889      -111.50185915
 3.891      -111.50202183
 3.894      -111.50218470
 3.896      -111.50234767
 3.899      -111.50251073
 3.901      -111.50267390
 3.904      -111.50283728
 3.906      -111.50300085
 3.909      -111.50316431
 3.911      -111.50332797
 3.914      -111.50349184
 3.916      -111.50365571
 3.919      -111.50381958
 3.921      -111.50398374
 3.924      -111.50414781
 3.926      -111.50431218
 3.929      -111.50447644
 3.931      -111.50464071
 3.934      -111.50480505
 3.936      -111.50496952
 3.939      -111.50513397
 3.941      -111.50529852
 3.944      -111.50546307
 3.946      -111.50562763
 3.949      -111.50579218
 3.951      -111.50595693
 3.954      -111.50612147
 3.956      -111.50628611
 3.959      -111.50645074
 3.961      -111.50661538
 3.964      -111.50678001
 3.966      -111.50694464
 3.969      -111.50710926
 3.971      -111.50727379
 3.974      -111.50743821
 3.976      -111.50760273
 3.979      -111.50776734
 3.981      -111.50793175
 3.984      -111.50809615
 3.986      -111.50826047
 3.989      -111.50842477
 3.991      -111.50858896
 3.994      -111.50875305
 3.996      -111.50891704
 3.999      -111.50908101
 4.001      -111.50924500
 4.004      -111.50940887
 4.006      -111.50957265
 4.009      -111.50973631
 4.011      -111.50989977
 4.014      -111.51006333
 4.016      -111.51022669
 4.019      -111.51038993
 4.021      -111.51055309
 4.024      -111.51071622
 4.026      -111.51087906
 4.029      -111.51104178
 4.031      -111.51120442
 4.034      -111.51136703
 4.036      -111.51152944
 4.039      -111.51169176
 4.041      -111.51185385
 4.044      -111.51201586
 4.046      -111.51217765
 4.049      -111.51233944
 4.051      -111.51250092
 4.054      -111.51266230
 4.056      -111.51282358
 4.059      -111.51298464
 4.061      -111.51314550
 4.064      -111.51330615
 4.066      -111.51346680
 4.069      -111.51362715
 4.071      -111.51378738
 4.074      -111.51394742
 4.076      -111.51410713
 4.079      -111.51426675
 4.081      -111.51442637
 4.084      -111.51458568
 4.086      -111.51474478
 4.089      -111.51490357
 4.091      -111.51506227
 4.094      -111.51522074
 4.096      -111.51537902
 4.099      -111.51553720
 4.101      -111.51569495
 4.104      -111.51585271
 4.106      -111.51601007
 4.109      -111.51616731
 4.111      -111.51632435
 4.114      -111.51648118
 4.116      -111.51663781
 4.119      -111.51679402
 4.121      -111.51695023
 4.124      -111.51710603
 4.126      -111.51726174
 4.129      -111.51741713
 4.131      -111.51757241
 4.134      -111.51772740
 4.136      -111.51788216
 4.139      -111.51803663
 4.141      -111.51819088
 4.144      -111.51834474
 4.146      -111.51849868
 4.149      -111.51865212
 4.151      -111.51880545
 4.154      -111.51895847
 4.156      -111.51911119
 4.159      -111.51926390
 4.161      -111.51941610
 4.164      -111.51956811
 4.166      -111.51971979
 4.169      -111.51987138
 4.171      -111.52002255
 4.174      -111.52017362
 4.176      -111.52032448
 4.179      -111.52047483
 4.181      -111.52062508
 4.184      -111.52077502
 4.186      -111.52092465
 4.189      -111.52107418
 4.191      -111.52122340
 4.194      -111.52137231
 4.196      -111.52152082
 4.199      -111.52166921
 4.201      -111.52181731
 4.204      -111.52196509
 4.206      -111.52211266
 4.209      -111.52226003
 4.211      -111.52240700
 4.214      -111.52255375
 4.216      -111.52270020
 4.219      -111.52284644
 4.221      -111.52299237
 4.224      -111.52313800
 4.226      -111.52328332
 4.229      -111.52342843
 4.231      -111.52357324
 4.234      -111.52371774
 4.236      -111.52386203
 4.239      -111.52400611
 4.241      -111.52414979
 4.244      -111.52429327
 4.246      -111.52443643
 4.249      -111.52457938
 4.251      -111.52472203
 4.254      -111.52486418
 4.256      -111.52500621
 4.259      -111.52514804
 4.261      -111.52528957
 4.264      -111.52543078
 4.266      -111.52557168
 4.269      -111.52571248
 4.271      -111.52585278
 4.274      -111.52599286
 4.276      -111.52613264
 4.279      -111.52627222
 4.281      -111.52641159
 4.284      -111.52655055
 4.286      -111.52668930
 4.289      -111.52682764
 4.291      -111.52696588
 4.294      -111.52710372
 4.296      -111.52724144
 4.299      -111.52737875
 4.301      -111.52751577
 4.304      -111.52765247
 4.306      -111.52778897
 4.309      -111.52792526
 4.311      -111.52806115
 4.314      -111.52819682
 4.316      -111.52833229
 4.319      -111.52846736
 4.321      -111.52860221
 4.324      -111.52873676
 4.326      -111.52887121
 4.329      -111.52900525
 4.331      -111.52913898
 4.334      -111.52927251
 4.336      -111.52940562
 4.339      -111.52953863
 4.341      -111.52967134
 4.344      -111.52980384
 4.346      -111.52993603
 4.349      -111.53006782
 4.351      -111.53019950
 4.354      -111.53033077
 4.356      -111.53046183
 4.359      -111.53059280
 4.361      -111.53072325
 4.364      -111.53085360
 4.366      -111.53098374
 4.369      -111.53111337
 4.371      -111.53124291
 4.374      -111.53137223
 4.376      -111.53150115
 4.379      -111.53162985
 4.381      -111.53175836
 4.384      -111.53188656
 4.386      -111.53201455
 4.389      -111.53214223
 4.391      -111.53226972
 4.394      -111.53239699
 4.396      -111.53252386
 4.399      -111.53265062
 4.401      -111.53277707
 4.404      -111.53290323
 4.406      -111.53302917
 4.409      -111.53315491
 4.411      -111.53328034
 4.414      -111.53340566
 4.416      -111.53353048
 4.419      -111.53365520
 4.421      -111.53377961
 4.424      -111.53390391
 4.426      -111.53402791
 4.429      -111.53415160
 4.431      -111.53427509
 4.434      -111.53439847
 4.436      -111.53452144
 4.439      -111.53464421
 4.441      -111.53476688
 4.444      -111.53488913
 4.446      -111.53501129
 4.449      -111.53513313
 4.451      -111.53525477
 4.454      -111.53537611
 4.456      -111.53549734
 4.459      -111.53561816
 4.461      -111.53573898
 4.464      -111.53585950
 4.466      -111.53597970
 4.469      -111.53609981
 4.471      -111.53621951
 4.474      -111.53633920
 4.476      -111.53645849
 4.479      -111.53657767
 4.481      -111.53669665
 4.484      -111.53681532
 4.486      -111.53693389
 4.489      -111.53705215
 4.491      -111.53717031
 4.494      -111.53728806
 4.496      -111.53740581
 4.499      -111.53752315
 4.501      -111.53764039
 4.504      -111.53775742
 4.506      -111.53787414
 4.509      -111.53799087
 4.511      -111.53810728
 4.514      -111.53822339
 4.516      -111.53833941
 4.519      -111.53845520
 4.521      -111.53857081
 4.524      -111.53868630
 4.526      -111.53880139
 4.529      -111.53891647
 4.531      -111.53903115
 4.534      -111.53914583
 4.536      -111.53926030
 4.539      -111.53937446
 4.541      -111.53948852
 4.544      -111.53960238
 4.546      -111.53971592
 4.549      -111.53982948
 4.551      -111.53994272
 4.554      -111.54005586
 4.556      -111.54016879
 4.559      -111.54028142
 4.561      -111.54039394
 4.564      -111.54050646
 4.566      -111.54061848
 4.569      -111.54073059
 4.571      -111.54084230
 4.574      -111.54095400
 4.576      -111.54106550
 4.579      -111.54117669
 4.581      -111.54128789
 4.584      -111.54139876
 4.586      -111.54150955
 4.589      -111.54162013
 4.591      -111.54173060
 4.594      -111.54184087
 4.596      -111.54195104
 4.599      -111.54206099
 4.601      -111.54217065
 4.604      -111.54228021
 4.606      -111.54238965
 4.609      -111.54249900
 4.611      -111.54260814
 4.614      -111.54271708
 4.616      -111.54282591
 4.619      -111.54293444
 4.621      -111.54304297
 4.624      -111.54315128
 4.626      -111.54325950
 4.629      -111.54336752
 4.631      -111.54347543
 4.634      -111.54358304
 4.636      -111.54369064
 4.639      -111.54379813
 4.641      -111.54390533
 4.644      -111.54401242
 4.646      -111.54411941
 4.649      -111.54422629
 4.651      -111.54433297
 4.654      -111.54443945
 4.656      -111.54454592
 4.659      -111.54465209
 4.661      -111.54475825
 4.664      -111.54486432
 4.666      -111.54497018
 4.669      -111.54507583
 4.671      -111.54518138
 4.674      -111.54528684
 4.676      -111.54539207
 4.679      -111.54549742
 4.681      -111.54560235
 4.684      -111.54570729
 4.686      -111.54581202
 4.689      -111.54591675
 4.691      -111.54602117
 4.694      -111.54612559
 4.696      -111.54622991
 4.699      -111.54633402
 4.701      -111.54643794
 4.704      -111.54654184
 4.706      -111.54664565
 4.709      -111.54674935
 4.711      -111.54685284
 4.714      -111.54695614
 4.716      -111.54705943
 4.719      -111.54716252
 4.721      -111.54726561
 4.724      -111.54736848
 4.726      -111.54747137
 4.729      -111.54757404
 4.731      -111.54767671
 4.734      -111.54777908
 4.736      -111.54788135
 4.739      -111.54798371
 4.741      -111.54808577
 4.744      -111.54818783
 4.746      -111.54828958
 4.749      -111.54839154
 4.751      -111.54849319
 4.754      -111.54859483
 4.756      -111.54869617
 4.759      -111.54879761
 4.761      -111.54889885
 4.764      -111.54900008
 4.766      -111.54910101
 4.769      -111.54920194
 4.771      -111.54930276
 4.774      -111.54940358
 4.776      -111.54950430
 4.779      -111.54960471
 4.781      -111.54970513
 4.784      -111.54980544
 4.786      -111.54990575
 4.789      -111.55000585
 4.791      -111.55010595
 4.794      -111.55020585
 4.796      -111.55030575
 4.799      -111.55040544
 4.801      -111.55050513
 4.804      -111.55060472
 4.806      -111.55070420
 4.809      -111.55080359
 4.811      -111.55090287
 4.814      -111.55100215
 4.816      -111.55110112
 4.819      -111.55120029
 4.821      -111.55129906
 4.824      -111.55139793
 4.826      -111.55149669
 4.829      -111.55159546
 4.831      -111.55169401
 4.834      -111.55179247
 4.836      -111.55189093
 4.839      -111.55198927
 4.841      -111.55208752
 4.844      -111.55218567
 4.846      -111.55228371
 4.849      -111.55238165
 4.851      -111.55247969
 4.854      -111.55257733
 4.856      -111.55267516
 4.859      -111.55277289
 4.861      -111.55287032
 4.864      -111.55296794
 4.866      -111.55306526
 4.869      -111.55316269
 4.871      -111.55325990
 4.874      -111.55335712
 4.876      -111.55345413
 4.879      -111.55355115
 4.881      -111.55364815
 4.884      -111.55374496
 4.886      -111.55384176
 4.889      -111.55393856
 4.891      -111.55403516
 4.894      -111.55413175
 4.896      -111.55422815
 4.899      -111.55432464
 4.901      -111.55442093
 4.904      -111.55451722
 4.906      -111.55461350
 4.909      -111.55470958
 4.911      -111.55480566
 4.914      -111.55490164
 4.916      -111.55499751
 4.919      -111.55509329
 4.921      -111.55518916
 4.924      -111.55528482
 4.926      -111.55538039
 4.929      -111.55547595
 4.931      -111.55557151
 4.934      -111.55566687
 4.936      -111.55576223
 4.939      -111.55585758
 4.941      -111.55595274
 4.944      -111.55604789
 4.946      -111.55614303
 4.949      -111.55623808
 4.951      -111.55633292
 4.954      -111.55642786
 4.956      -111.55652260
 4.959      -111.55661734
 4.961      -111.55671207
 4.964      -111.55680660
 4.966      -111.55690123
 4.969      -111.55699565
 4.971      -111.55709018
 4.974      -111.55718441
 4.976      -111.55727872
 4.979      -111.55737294
 4.981      -111.55746706
 4.984      -111.55756118
 4.986      -111.55765528
 4.989      -111.55774919
 4.991      -111.55784320
 4.994      -111.55793700
 4.996      -111.55803061
 4.999      -111.55812441
 5.001      -111.55821821
 5.004      -111.55831170
 5.006      -111.55840530
 5.009      -111.55849869
 5.011      -111.55859208
 5.014      -111.55868547
 5.016      -111.55877876
 5.019      -111.55887194
 5.021      -111.55896512
 5.024      -111.55905820
 5.026      -111.55915128
 5.029      -111.55924415
 5.031      -111.55933713
 5.034      -111.55943000
 5.036      -111.55952276
 5.039      -111.55961543
 5.041      -111.55970809
 5.044      -111.55980075
 5.046      -111.55989332
 5.049      -111.55998577
 5.051      -111.56007833
 5.054      -111.56017058
 5.056      -111.56026293
 5.059      -111.56035528
 5.061      -111.56044733
 5.064      -111.56053957
 5.066      -111.56063162
 5.069      -111.56072366
 5.071      -111.56081560
 5.074      -111.56090754
 5.076      -111.56099937
 5.079      -111.56109121
 5.081      -111.56118284
 5.084      -111.56127447
 5.086      -111.56136619
 5.089      -111.56145762
 5.091      -111.56154914
 5.094      -111.56164046
 5.096      -111.56173198
 5.099      -111.56182329
 5.101      -111.56191451
 5.104      -111.56200572
 5.106      -111.56209684
 5.109      -111.56218794
 5.111      -111.56227895
 5.114      -111.56236995
 5.116      -111.56246086
 5.119      -111.56255166
 5.121      -111.56264246
 5.124      -111.56273325
 5.126      -111.56282384
 5.129      -111.56291434
 5.131      -111.56300493
 5.134      -111.56309551
 5.136      -111.56318590
 5.139      -111.56327628
 5.141      -111.56336656
 5.144      -111.56345684
 5.146      -111.56354702
 5.149      -111.56363710
 5.151      -111.56372728
 5.154      -111.56381735
 5.156      -111.56390732
 5.159      -111.56399718
 5.161      -111.56408705
 5.164      -111.56417671
 5.166      -111.56426647
 5.169      -111.56435613
 5.171      -111.56444569
 5.174      -111.56453525
 5.176      -111.56462490
 5.179      -111.56471425
 5.181      -111.56480360
 5.184      -111.56489285
 5.186      -111.56498209
 5.189      -111.56507134
 5.191      -111.56516038
 5.194      -111.56524952
 5.196      -111.56533856
 5.199      -111.56542749
 5.201      -111.56551643
 5.204      -111.56560526
 5.206      -111.56569399
 5.209      -111.56578271
 5.211      -111.56587124
 5.214      -111.56595986
 5.216      -111.56604849
 5.219      -111.56613701
 5.221      -111.56622532
 5.224      -111.56631374
 5.226      -111.56640195
 5.229      -111.56649017
 5.231      -111.56657827
 5.234      -111.56666648
 5.236      -111.56675449
 5.239      -111.56684249
 5.241      -111.56693039
 5.244      -111.56701819
 5.246      -111.56710599
 5.249      -111.56719369
 5.251      -111.56728148
 5.254      -111.56736907
 5.256      -111.56745656
 5.259      -111.56754405
 5.261      -111.56763143
 5.264      -111.56771882
 5.266      -111.56780620
 5.269      -111.56789338
 5.271      -111.56798056
 5.274      -111.56806763
 5.276      -111.56815471
 5.279      -111.56824158
 5.281      -111.56832855
 5.284      -111.56841552
 5.286      -111.56850229
 5.289      -111.56858895
 5.291      -111.56867571
 5.294      -111.56876227
 5.296      -111.56884873
 5.299      -111.56893519
 5.301      -111.56902164
 5.304      -111.56910800
 5.306      -111.56919415
 5.309      -111.56928050
 5.311      -111.56936654
 5.314      -111.56945269
 5.316      -111.56953863
 5.319      -111.56962467
 5.321      -111.56971061
 5.324      -111.56979635
 5.326      -111.56988208
 5.329      -111.56996781
 5.331      -111.57005334
 5.334      -111.57013898
 5.336      -111.57022440
 5.339      -111.57030983
 5.341      -111.57039525
 5.344      -111.57048057
 5.346      -111.57056579
 5.349      -111.57065091
 5.351      -111.57073602
 5.354      -111.57082103
 5.356      -111.57090595
 5.359      -111.57099085
 5.361      -111.57107577
 5.364      -111.57116047
 5.366      -111.57124508
 5.369      -111.57132977
 5.371      -111.57141428
 5.374      -111.57149877
 5.376      -111.57158317
 5.379      -111.57166746
 5.381      -111.57175186
 5.384      -111.57183594
 5.386      -111.57192023
 5.389      -111.57200422
 5.391      -111.57208821
 5.394      -111.57217219
 5.396      -111.57225607
 5.399      -111.57233985
 5.401      -111.57242353
 5.404      -111.57250720
 5.406      -111.57259077
 5.409      -111.57267414
 5.411      -111.57275771
 5.414      -111.57284108
 5.416      -111.57292444
 5.419      -111.57300771
 5.421      -111.57309077
 5.424      -111.57317393
 5.426      -111.57325689
 5.429      -111.57333994
 5.431      -111.57342269
 5.434      -111.57350554
 5.436      -111.57358819
 5.439      -111.57367095
 5.441      -111.57375349
 5.444      -111.57383604
 5.446      -111.57391848
 5.449      -111.57400092
 5.451      -111.57408316
 5.454      -111.57416540
 5.456      -111.57424763
 5.459      -111.57432956
 5.461      -111.57441159
 5.464      -111.57449363
 5.466      -111.57457535
 5.469      -111.57465728
 5.471      -111.57473900
 5.474      -111.57482062
 5.476      -111.57490224
 5.479      -111.57498366
 5.481      -111.57506517
 5.484      -111.57514639
 5.486      -111.57522780
 5.489      -111.57530891
 5.491      -111.57539012
 5.494      -111.57547122
 5.496      -111.57555213
 5.499      -111.57563304
 5.501      -111.57571393
 5.504      -111.57579463
 5.506      -111.57587533
 5.509      -111.57595592
 5.511      -111.57603642
 5.514      -111.57611691
 5.516      -111.57619740
 5.519      -111.57627769
 5.521      -111.57635798
 5.524      -111.57643816
 5.526      -111.57651814
 5.529      -111.57659812
 5.531      -111.57667810
 5.534      -111.57675798
 5.536      -111.57683765
 5.539      -111.57691752
 5.541      -111.57699700
 5.544      -111.57707656
 5.546      -111.57715613
 5.549      -111.57723550
 5.551      -111.57731486
 5.554      -111.57739413
 5.556      -111.57747328
 5.559      -111.57755235
 5.561      -111.57763140
 5.564      -111.57771036
 5.566      -111.57778921
 5.569      -111.57786796
 5.571      -111.57794661
 5.574      -111.57802536
 5.576      -111.57810391
 5.579      -111.57818235
 5.581      -111.57826089
 5.584      -111.57833923
 5.586      -111.57841747
 5.589      -111.57849561
 5.591      -111.57857365
 5.594      -111.57865178
 5.596      -111.57872961
 5.599      -111.57880754
 5.601      -111.57888527
 5.604      -111.57896299
 5.606      -111.57904062
 5.609      -111.57911814
 5.611      -111.57919566
 5.614      -111.57927308
 5.616      -111.57935040
 5.619      -111.57942762
 5.621      -111.57950483
 5.624      -111.57958194
 5.626      -111.57965895
 5.629      -111.57973586
 5.631      -111.57981277
 5.634      -111.57988947
 5.636      -111.57996617
 5.639      -111.58004288
 5.641      -111.58011928
 5.644      -111.58019587
 5.646      -111.58027217
 5.649      -111.58034857
 5.651      -111.58042476
 5.654      -111.58050095
 5.656      -111.58057704
 5.659      -111.58065293
 5.661      -111.58072891
 5.664      -111.58080470
 5.666      -111.58088038
 5.669      -111.58095616
 5.671      -111.58103174
 5.674      -111.58110732
 5.676      -111.58118270
 5.679      -111.58125807
 5.681      -111.58133334
 5.684      -111.58140861
 5.686      -111.58148369
 5.689      -111.58155885
 5.691      -111.58163372
 5.694      -111.58170868
 5.696      -111.58178344
 5.699      -111.58185820
 5.701      -111.58193296
 5.704      -111.58200742
 5.706      -111.58208197
 5.709      -111.58215643
 5.711      -111.58223068
 5.714      -111.58230503
 5.716      -111.58237918
 5.719      -111.58245333
 5.721      -111.58252738
 5.724      -111.58260132
 5.726      -111.58267516
 5.729      -111.58274900
 5.731      -111.58282264
 5.734      -111.58289628
 5.736      -111.58296982
 5.739      -111.58304335
 5.741      -111.58311678
 5.744      -111.58319011
 5.746      -111.58326334
 5.749      -111.58333647
 5.751      -111.58340960
 5.754      -111.58348262
 5.756      -111.58355544
 5.759      -111.58362847
 5.761      -111.58370118
 5.764      -111.58377380
 5.766      -111.58384642
 5.769      -111.58391893
 5.771      -111.58399145
 5.774      -111.58406376
 5.776      -111.58413627
 5.779      -111.58420848
 5.781      -111.58428059
 5.784      -111.58435269
 5.786      -111.58442459
 5.789      -111.58449660
 5.791      -111.58456840
 5.794      -111.58464020
 5.796      -111.58471179
 5.799      -111.58478349
 5.801      -111.58485498
 5.804      -111.58492648
 5.806      -111.58499777
 5.809      -111.58506916
 5.811      -111.58514035
 5.814      -111.58521154
 5.816      -111.58528252
 5.819      -111.58535350
 5.821      -111.58542449
 5.824      -111.58549527
 5.826      -111.58556604
 5.829      -111.58563672
 5.831      -111.58570720
 5.834      -111.58577788
 5.836      -111.58584835
 5.839      -111.58591872
 5.841      -111.58598899
 5.844      -111.58605926
 5.846      -111.58612942
 5.849      -111.58619939
 5.851      -111.58626945
 5.854      -111.58633932
 5.856      -111.58640928
 5.859      -111.58647904
 5.861      -111.58654870
 5.864      -111.58661825
 5.866      -111.58668781
 5.869      -111.58675736
 5.871      -111.58682672
 5.874      -111.58689607
 5.876      -111.58696522
 5.879      -111.58703436
 5.881      -111.58710351
 5.884      -111.58717256
 5.886      -111.58724140
 5.889      -111.58731034
 5.891      -111.58737908
 5.894      -111.58744782
 5.896      -111.58751646
 5.899      -111.58758500
 5.901      -111.58765353
 5.904      -111.58772197
 5.906      -111.58779040
 5.909      -111.58785863
 5.911      -111.58792676
 5.914      -111.58799489
 5.916      -111.58806301
 5.919      -111.58813094
 5.921      -111.58819886
 5.924      -111.58826669
 5.926      -111.58833451
 5.929      -111.58840213
 5.931      -111.58846974
 5.934      -111.58853726
 5.936      -111.58860478
 5.939      -111.58867209
 5.941      -111.58873950
 5.944      -111.58880672
 5.946      -111.58887383
 5.949      -111.58894093
 5.951      -111.58900804
 5.954      -111.58907505
 5.956      -111.58914195
 5.959      -111.58920876
 5.961      -111.58927546
 5.964      -111.58934216
 5.966      -111.58940876
 5.969      -111.58947536
 5.971      -111.58954175
 5.974      -111.58960815
 5.976      -111.58967444
 5.979      -111.58974074
 5.981      -111.58980693
 5.984      -111.58987302
 5.986      -111.58993901
 5.989      -111.59000509
 5.991      -111.59007108
 5.994      -111.59013677
 5.996      -111.59020255
 5.999      -111.59026823
 6.001      -111.59033381
 6.004      -111.59039939
 6.006      -111.59046487
 6.009      -111.59053035
 6.011      -111.59059572
 6.014      -111.59066100
 6.016      -111.59072617
 6.019      -111.59079125
 6.021      -111.59085631
 6.024      -111.59092138
 6.026      -111.59098635
 6.029      -111.59105112
 6.031      -111.59111599
 6.034      -111.59118075
 6.036      -111.59124541
 6.039      -111.59131008
 6.041      -111.59137464
 6.044      -111.59143900
 6.046      -111.59150346
 6.049      -111.59156781
 6.051      -111.59163197
 6.054      -111.59169622
 6.056      -111.59176038
 6.059      -111.59182453
 6.061      -111.59188848
 6.064      -111.59195233
 6.066      -111.59201628
 6.069      -111.59208013
 6.071      -111.59214377
 6.074      -111.59220752
 6.076      -111.59227116
 6.079      -111.59233470
 6.081      -111.59239825
 6.084      -111.59246159
 6.086      -111.59252492
 6.089      -111.59258827
 6.091      -111.59265150
 6.094      -111.59271463
 6.096      -111.59277767
 6.099      -111.59284080
 6.101      -111.59290374
 6.104      -111.59296677
 6.106      -111.59302950
 6.109      -111.59309233
 6.111      -111.59315505
 6.114      -111.59321768
 6.116      -111.59328031
 6.119      -111.59334283
 6.121      -111.59340535
 6.124      -111.59346767
 6.126      -111.59353009
 6.129      -111.59359241
 6.131      -111.59365463
 6.134      -111.59371675
 6.136      -111.59377897
 6.139      -111.59384108
 6.141      -111.59390299
 6.144      -111.59396501
 6.146      -111.59402682
 6.149      -111.59408863
 6.151      -111.59415034
 6.154      -111.59421205
 6.156      -111.59427375
 6.159      -111.59433526
 6.161      -111.59439677
 6.164      -111.59445827
 6.166      -111.59451958
 6.169      -111.59458098
 6.171      -111.59464228
 6.174      -111.59470348
 6.176      -111.59476458
 6.179      -111.59482577
 6.181      -111.59488687
 6.184      -111.59494786
 6.186      -111.59500866
 6.189      -111.59506965
 6.191      -111.59513044
 6.194      -111.59519124
 6.196      -111.59525193
 6.199      -111.59531251
 6.201      -111.59537320
 6.204      -111.59543369
 6.206      -111.59549417
 6.209      -111.59555456
 6.211      -111.59561494
 6.214      -111.59567523
 6.216      -111.59573551
 6.219      -111.59579579
 6.221      -111.59585577
 6.224      -111.59591595
 6.226      -111.59597603
 6.229      -111.59603600
 6.231      -111.59609598
 6.234      -111.59615575
 6.236      -111.59621563
 6.239      -111.59627540
 6.241      -111.59633517
 6.244      -111.59639474
 6.246      -111.59645441
 6.249      -111.59651398
 6.251      -111.59657345
 6.254      -111.59663291
 6.256      -111.59669238
 6.259      -111.59675175
 6.261      -111.59681101
 6.264      -111.59687027
 6.266      -111.59692933
 6.269      -111.59698859
 6.271      -111.59704765
 6.274      -111.59710661
 6.276      -111.59716567
 6.279      -111.59722463
 6.281      -111.59728348
 6.284      -111.59734234
 6.286      -111.59740109
 6.289      -111.59745985
 6.291      -111.59751850
 6.294      -111.59757715
 6.296      -111.59763580
 6.299      -111.59769435
 6.301      -111.59775280
 6.304      -111.59781124
 6.306      -111.59786959
 6.309      -111.59792794
 6.311      -111.59798628
 6.314      -111.59804452
 6.316      -111.59810267
 6.319      -111.59816081
 6.321      -111.59821895
 6.324      -111.59827699
 6.326      -111.59833503
 6.329      -111.59839296
 6.331      -111.59845090
 6.334      -111.59850864
 6.336      -111.59856647
 6.339      -111.59862421
 6.341      -111.59868194
 6.344      -111.59873977
 6.346      -111.59879730
 6.349      -111.59885484
 6.351      -111.59891237
 6.354      -111.59896990
 6.356      -111.59902732
 6.359      -111.59908475
 6.361      -111.59914218
 6.364      -111.59919940
 6.366      -111.59925673
 6.369      -111.59931395
 6.371      -111.59937107
 6.374      -111.59942819
 6.376      -111.59948532
 6.379      -111.59954234
 6.381      -111.59959935
 6.384      -111.59965627
 6.386      -111.59971309
 6.389      -111.59977011
 6.391      -111.59982682
 6.394      -111.59988364
 6.396      -111.59994045
 6.399      -111.59999706
 6.401      -111.60005368
 6.404      -111.60011039
 6.406      -111.60016690
 6.409      -111.60022341
 6.411      -111.60027982
 6.414      -111.60033642
 6.416      -111.60039273
 6.419      -111.60044914
 6.421      -111.60050544
 6.424      -111.60056175
 6.426      -111.60061795
 6.429      -111.60067425
 6.431      -111.60073026
 6.434      -111.60078646
 6.436      -111.60084256
 6.439      -111.60089846
 6.441      -111.60095446
 6.444      -111.60101045
 6.446      -111.60106645
 6.449      -111.60112225
 6.451      -111.60117814
 6.454      -111.60123393
 6.456      -111.60128963
 6.459      -111.60134532
 6.461      -111.60140101
 6.464      -111.60145661
 6.466      -111.60151219
 6.469      -111.60156778
 6.471      -111.60162328
 6.474      -111.60167876
 6.476      -111.60173415
 6.479      -111.60178964
 6.481      -111.60184502
 6.484      -111.60190031
 6.486      -111.60195559
 6.489      -111.60201087
 6.491      -111.60206606
 6.494      -111.60212123
 6.496      -111.60217642
 6.499      -111.60223150
 6.501      -111.60228658
 6.504      -111.60234166
 6.506      -111.60239663
 6.509      -111.60245161
 6.511      -111.60250649
 6.514      -111.60256136
 6.516      -111.60261634
 6.519      -111.60267101
 6.521      -111.60272588
 6.524      -111.60278065
 6.526      -111.60283532
 6.529      -111.60289000
 6.531      -111.60294457
 6.534      -111.60299913
 6.536      -111.60305380
 6.539      -111.60310827
 6.541      -111.60316274
 6.544      -111.60321730
 6.546      -111.60327167
 6.549      -111.60332603
 6.551      -111.60338040
 6.554      -111.60343476
 6.556      -111.60348912
 6.559      -111.60354338
 6.561      -111.60359755
 6.564      -111.60365170
 6.566      -111.60370596
 6.569      -111.60376002
 6.571      -111.60381418
 6.574      -111.60386824
 6.576      -111.60392229
 6.579      -111.60397625
 6.581      -111.60403010
 6.584      -111.60408415
 6.586      -111.60413801
 6.589      -111.60419186
 6.591      -111.60424571
 6.594      -111.60429956
 6.596      -111.60435321
 6.599      -111.60440706
 6.601      -111.60446071
 6.604      -111.60451436
 6.606      -111.60456801
 6.609      -111.60462165
 6.611      -111.60467520
 6.614      -111.60472885
 6.616      -111.60478229
 6.619      -111.60483573
 6.621      -111.60488917
 6.624      -111.60494272
 6.626      -111.60499606
 6.629      -111.60504940
 6.631      -111.60510274
 6.634      -111.60515598
 6.636      -111.60520932
 6.639      -111.60526256
 6.641      -111.60531579
 6.644      -111.60536903
 6.646      -111.60542206
 6.649      -111.60547520
 6.651      -111.60552833
 6.654      -111.60558137
 6.656      -111.60563440
 6.659      -111.60568743
 6.661      -111.60574036
 6.664      -111.60579329
 6.666      -111.60584622
 6.669      -111.60589915
 6.671      -111.60595198
 6.674      -111.60600481
 6.676      -111.60605764
 6.679      -111.60611046
 6.681      -111.60616329
 6.684      -111.60621591
 6.686      -111.60626864
 6.689      -111.60632126
 6.691      -111.60637378
 6.694      -111.60642651
 6.696      -111.60647903
 6.699      -111.60653155
 6.701      -111.60658417
 6.704      -111.60663669
 6.706      -111.60668921
 6.709      -111.60674153
 6.711      -111.60679394
 6.714      -111.60684626
 6.716      -111.60689868
 6.719      -111.60695099
 6.721      -111.60700331
 6.724      -111.60705562
 6.726      -111.60710783
 6.729      -111.60716015
 6.731      -111.60721216
 6.734      -111.60726447
 6.736      -111.60731658
 6.739      -111.60736869
 6.741      -111.60742080
 6.744      -111.60747291
 6.746      -111.60752482
 6.749      -111.60757683
 6.751      -111.60762893
 6.754      -111.60768084
 6.756      -111.60773274
 6.759      -111.60778465
 6.761      -111.60783655
 6.764      -111.60788845
 6.766      -111.60794026
 6.769      -111.60799206
 6.771      -111.60804376
 6.774      -111.60809556
 6.776      -111.60814726
 6.779      -111.60819896
 6.781      -111.60825066
 6.784      -111.60830226
 6.786      -111.60835395
 6.789      -111.60840545
 6.791      -111.60845715
 6.794      -111.60850874
 6.796      -111.60856024
 6.799      -111.60861163
 6.801      -111.60866322
 6.804      -111.60871462
 6.806      -111.60876601
 6.809      -111.60881740
 6.811      -111.60886879
 6.814      -111.60892008
 6.816      -111.60897157
 6.819      -111.60902276
 6.821      -111.60907405
 6.824      -111.60912524
 6.826      -111.60917652
 6.829      -111.60922781
 6.831      -111.60927889
 6.834      -111.60933008
 6.836      -111.60938126
 6.839      -111.60943224
 6.841      -111.60948343
 6.844      -111.60953441
 6.846      -111.60958559
 6.849      -111.60963648
 6.851      -111.60968755
 6.854      -111.60973853
 6.856      -111.60978951
 6.859      -111.60984029
 6.861      -111.60989127
 6.864      -111.60994205
 6.866      -111.60999292
 6.869      -111.61004380
 6.871      -111.61009457
 6.874      -111.61014545
 6.876      -111.61019612
 6.879      -111.61024680
 6.881      -111.61029747
 6.884      -111.61034824
 6.886      -111.61039891
 6.889      -111.61044948
 6.891      -111.61050015
 6.894      -111.61055072
 6.896      -111.61060119
 6.899      -111.61065186
 6.901      -111.61070223
 6.904      -111.61075290
 6.906      -111.61080336
 6.909      -111.61085373
 6.911      -111.61090420
 6.914      -111.61095456
 6.916      -111.61100492
 6.919      -111.61105529
 6.921      -111.61110575
 6.924      -111.61115601
 6.926      -111.61120637
 6.929      -111.61125653
 6.931      -111.61130679
 6.934      -111.61135705
 6.936      -111.61140721
 6.939      -111.61145747
 6.941      -111.61150763
 6.944      -111.61155769
 6.946      -111.61160774
 6.949      -111.61165790
 6.951      -111.61170805
 6.954      -111.61175801
 6.956      -111.61180796
 6.959      -111.61185802
 6.961      -111.61190797
 6.964      -111.61195792
 6.966      -111.61200787
 6.969      -111.61205772
 6.971      -111.61210778
 6.974      -111.61215752
 6.976      -111.61220737
 6.979      -111.61225722
 6.981      -111.61230707
 6.984      -111.61235672
 6.986      -111.61240647
 6.989      -111.61245621
 6.991      -111.61250596
 6.994      -111.61255560
 6.996      -111.61260525
 6.999      -111.61265499
 7.001      -111.61270454
 7.004      -111.61275418
 7.006      -111.61280372
 7.009      -111.61285326
 7.011      -111.61290280
 7.014      -111.61295224
 7.016      -111.61300178
 7.019      -111.61305122
 7.021      -111.61310066
 7.024      -111.61315020
 7.026      -111.61319953
 7.029      -111.61324897
 7.031      -111.61329831
 7.034      -111.61334764
 7.036      -111.61339688
 7.039      -111.61344621
 7.041      -111.61349544
 7.044      -111.61354478
 7.046      -111.61359391
 7.049      -111.61364314
 7.051      -111.61369227
 7.054      -111.61374151
 7.056      -111.61379064
 7.059      -111.61383966
 7.061      -111.61388879
 7.064      -111.61393782
 7.066      -111.61398695
 7.069      -111.61403598
 7.071      -111.61408500
 7.074      -111.61413383
 7.076      -111.61418286
 7.079      -111.61423188
 7.081      -111.61428081
 7.084      -111.61432963
 7.086      -111.61437845
 7.089      -111.61442738
 7.091      -111.61447620
 7.094      -111.61452492
 7.096      -111.61457384
 7.099      -111.61462256
 7.101      -111.61467138
 7.104      -111.61471990
 7.106      -111.61476872
 7.109      -111.61481734
 7.111      -111.61486595
 7.114      -111.61491457
 7.116      -111.61496319
 7.119      -111.61501180
 7.121      -111.61506042
 7.124      -111.61510883
 7.126      -111.61515745
 7.129      -111.61520586
 7.131      -111.61525427
 7.134      -111.61530279
 7.136      -111.61535120
 7.139      -111.61539971
 7.141      -111.61544802
 7.144      -111.61549643
 7.146      -111.61554484
 7.149      -111.61559305
 7.151      -111.61564136
 7.154      -111.61568957
 7.156      -111.61573787
 7.159      -111.61578608
 7.161      -111.61583429
 7.164      -111.61588239
 7.166      -111.61593060
 7.169      -111.61597870
 7.171      -111.61602690
 7.174      -111.61607501
 7.176      -111.61612311
 7.179      -111.61617111
 7.181      -111.61621912
 7.184      -111.61626712
 7.186      -111.61631512
 7.189      -111.61636312
 7.191      -111.61641102
 7.194      -111.61645891
 7.196      -111.61650681
 7.199      -111.61655471
 7.201      -111.61660251
 7.204      -111.61665041
 7.206      -111.61669810
 7.209      -111.61674600
 7.211      -111.61679369
 7.214      -111.61684139
 7.216      -111.61688908
 7.219      -111.61693677
 7.221      -111.61698437
 7.224      -111.61703216
 7.226      -111.61707975
 7.229      -111.61712734
 7.231      -111.61717483
 7.234      -111.61722242
 7.236      -111.61727001
 7.239      -111.61731740
 7.241      -111.61736499
 7.244      -111.61741248
 7.246      -111.61745987
 7.249      -111.61750725
 7.251      -111.61755464
 7.254      -111.61760203
 7.256      -111.61764931
 7.259      -111.61769680
 7.261      -111.61774408
 7.264      -111.61779116
 7.266      -111.61783845
 7.269      -111.61788573
 7.271      -111.61793291
 7.274      -111.61798019
 7.276      -111.61802727
 7.279      -111.61807446
 7.281      -111.61812154
 7.284      -111.61816861
 7.286      -111.61821579
 7.289      -111.61826277
 7.291      -111.61830985
 7.294      -111.61835673
 7.296      -111.61840370
 7.299      -111.61845058
 7.301      -111.61849766
 7.304      -111.61854453
 7.306      -111.61859131
 7.309      -111.61863828
 7.311      -111.61868505
 7.314      -111.61873183
 7.316      -111.61877860
 7.319      -111.61882537
 7.321      -111.61887214
 7.324      -111.61891881
 7.326      -111.61896549
 7.329      -111.61901226
 7.331      -111.61905883
 7.334      -111.61910539
 7.336      -111.61915206
 7.339      -111.61919853
 7.341      -111.61924520
 7.344      -111.61929177
 7.346      -111.61933813
 7.349      -111.61938460
 7.351      -111.61943116
 7.354      -111.61947753
 7.356      -111.61952389
 7.359      -111.61957026
 7.361      -111.61961652
 7.364      -111.61966298
 7.366      -111.61970925
 7.369      -111.61975551
 7.371      -111.61980187
 7.374      -111.61984803
 7.376      -111.61989419
 7.379      -111.61994035
 7.381      -111.61998661
 7.384      -111.62003267
 7.386      -111.62007873
 7.389      -111.62012488
 7.391      -111.62017094
 7.394      -111.62021710
 7.396      -111.62026296
 7.399      -111.62030901
 7.401      -111.62035497
 7.404      -111.62040082
 7.406      -111.62044678
 7.409      -111.62049263
 7.411      -111.62053858
 7.414      -111.62058434
 7.416      -111.62063019
 7.419      -111.62067594
 7.421      -111.62072169
 7.424      -111.62076754
 7.426      -111.62081309
 7.429      -111.62085884
 7.431      -111.62090459
 7.434      -111.62095014
 7.436      -111.62099569
 7.439      -111.62104124
 7.441      -111.62108689
 7.444      -111.62113233
 7.446      -111.62117798
 7.449      -111.62122343
 7.451      -111.62126887
 7.454      -111.62131432
 7.456      -111.62135976
 7.459      -111.62140501
 7.461      -111.62145035
 7.464      -111.62149579
 7.466      -111.62154104
 7.469      -111.62158638
 7.471      -111.62163162
 7.474      -111.62167686
 7.476      -111.62172200
 7.479      -111.62176724
 7.481      -111.62181238
 7.484      -111.62185752
 7.486      -111.62190256
 7.489      -111.62194770
 7.491      -111.62199274
 7.494      -111.62203777
 7.496      -111.62208271
 7.499      -111.62212775
 7.501      -111.62217259
 7.504      -111.62221752
 7.506      -111.62226246
 7.509      -111.62230739
 7.511      -111.62235213
 7.514      -111.62239696
 7.516      -111.62244179
 7.519      -111.62248653
 7.521      -111.62253116
 7.524      -111.62257589
 7.526      -111.62262062
 7.529      -111.62266525
 7.531      -111.62270988
 7.534      -111.62275451
 7.536      -111.62279914
 7.539      -111.62284367
 7.541      -111.62288810
 7.544      -111.62293273
 7.546      -111.62297716
 7.549      -111.62302159
 7.551      -111.62306601
 7.554      -111.62311034
 7.556      -111.62315477
 7.559      -111.62319909
 7.561      -111.62324332
 7.564      -111.62328774
 7.566      -111.62333197
 7.569      -111.62337619
 7.571      -111.62342031
 7.574      -111.62346444
 7.576      -111.62350856
 7.579      -111.62355278
 7.581      -111.62359690
 7.584      -111.62364092
 7.586      -111.62368504
 7.589      -111.62372897
 7.591      -111.62377299
 7.594      -111.62381690
 7.596      -111.62386092
 7.599      -111.62390474
 7.601      -111.62394866
 7.604      -111.62399248
 7.606      -111.62403630
 7.609      -111.62408011
 7.611      -111.62412383
 7.614      -111.62416765
 7.616      -111.62421126
 7.619      -111.62425498
 7.621      -111.62429869
 7.624      -111.62434221
 7.626      -111.62438592
 7.629      -111.62442943
 7.631      -111.62447295
 7.634      -111.62451646
 7.636      -111.62455997
 7.639      -111.62460348
 7.641      -111.62464690
 7.644      -111.62469031
 7.646      -111.62473362
 7.649      -111.62477713
 7.651      -111.62482034
 7.654      -111.62486355
 7.656      -111.62490695
 7.659      -111.62495006
 7.661      -111.62499337
 7.664      -111.62503658
 7.666      -111.62507969
 7.669      -111.62512289
 7.671      -111.62516600
 7.674      -111.62520901
 7.676      -111.62525211
 7.679      -111.62529502
 7.681      -111.62533812
 7.684      -111.62538103
 7.686      -111.62542403
 7.689      -111.62546683
 7.691      -111.62550974
 7.694      -111.62555264
 7.696      -111.62559544
 7.699      -111.62563824
 7.701      -111.62568085
 7.704      -111.62572365
 7.706      -111.62576635
 7.709      -111.62580905
 7.711      -111.62585175
 7.714      -111.62589435
 7.716      -111.62593685
 7.719      -111.62597955
 7.721      -111.62602194
 7.724      -111.62606454
 7.726      -111.62610704
 7.729      -111.62614944
 7.731      -111.62619183
 7.734      -111.62623423
 7.736      -111.62627653
 7.739      -111.62631882
 7.741      -111.62636122
 7.744      -111.62640351
 7.746      -111.62644571
 7.749      -111.62648790
 7.751      -111.62653020
 7.754      -111.62657219
 7.756      -111.62661438
 7.759      -111.62665648
 7.761      -111.62669857
 7.764      -111.62674066
 7.766      -111.62678255
 7.769      -111.62682454
 7.771      -111.62686654
 7.774      -111.62690842
 7.776      -111.62695041
 7.779      -111.62699220
 7.781      -111.62703409
 7.784      -111.62707588
 7.786      -111.62711767
 7.789      -111.62715936
 7.791      -111.62720105
 7.794      -111.62724284
 7.796      -111.62728442
 7.799      -111.62732611
 7.801      -111.62736770
 7.804      -111.62740928
 7.806      -111.62745087
 7.809      -111.62749225
 7.811      -111.62753384
 7.814      -111.62757532
 7.816      -111.62761661
 7.819      -111.62765809
 7.821      -111.62769947
 7.824      -111.62774076
 7.826      -111.62778214
 7.829      -111.62782332
 7.831      -111.62786451
 7.834      -111.62790589
 7.836      -111.62794707
 7.839      -111.62798815
 7.841      -111.62802933
 7.844      -111.62807041
 7.846      -111.62811149
 7.849      -111.62815257
 7.851      -111.62819355
 7.854      -111.62823443
 7.856      -111.62827541
 7.859      -111.62831639
 7.861      -111.62835726
 7.864      -111.62839814
 7.866      -111.62843902
 7.869      -111.62847980
 7.871      -111.62852057
 7.874      -111.62856125
 7.876      -111.62860193
 7.879      -111.62864260
 7.881      -111.62868328
 7.884      -111.62872405
 7.886      -111.62876453
 7.889      -111.62880510
 7.891      -111.62884558
 7.894      -111.62888605
 7.896      -111.62892672
 7.899      -111.62896699
 7.901      -111.62900737
 7.904      -111.62904784
 7.906      -111.62908821
 7.909      -111.62912838
 7.911      -111.62916885
 7.914      -111.62920903
 7.916      -111.62924930
 7.919      -111.62928947
 7.921      -111.62932964
 7.924      -111.62936981
 7.926      -111.62940988
 7.929      -111.62945004
 7.931      -111.62949001
 7.934      -111.62953008
 7.936      -111.62956995
 7.939      -111.62961002
 7.941      -111.62964989
 7.944      -111.62968985
 7.946      -111.62972972
 7.949      -111.62976959
 7.951      -111.62980935
 7.954      -111.62984912
 7.956      -111.62988888
 7.959      -111.62992855
 7.961      -111.62996822
 7.964      -111.63000798
 7.966      -111.63004754
 7.969      -111.63008711
 7.971      -111.63012667
 7.974      -111.63016624
 7.976      -111.63020570
 7.979      -111.63024526
 7.981      -111.63028473
 7.984      -111.63032409
 7.986      -111.63036345
 7.989      -111.63040281
 7.991      -111.63044207
 7.994      -111.63048143
 7.996      -111.63052069
 7.999      -111.63055986
 8.001      -111.63059912
 8.004      -111.63063828
 8.006      -111.63067734
 8.009      -111.63071650
 8.011      -111.63075546
 8.014      -111.63079461
 8.016      -111.63083367
 8.019      -111.63087263
 8.021      -111.63091149
 8.024      -111.63095045
 8.026      -111.63098940
 8.029      -111.63102816
 8.031      -111.63106702
 8.034      -111.63110587
 8.036      -111.63114473
 8.039      -111.63118329
 8.041      -111.63122194
 8.044      -111.63126080
 8.046      -111.63129935
 8.049      -111.63133801
 8.051      -111.63137656
 8.054      -111.63141512
 8.056      -111.63145367
 8.059      -111.63149213
 8.061      -111.63153068
 8.064      -111.63156893
 8.066      -111.63160749
 8.069      -111.63164584
 8.071      -111.63168419
 8.074      -111.63172234
 8.076      -111.63176070
 8.079      -111.63179895
 8.081      -111.63183720
 8.084      -111.63187525
 8.086      -111.63191340
 8.089      -111.63195175
 8.091      -111.63198970
 8.094      -111.63202775
 8.096      -111.63206580
 8.099      -111.63210385
 8.101      -111.63214170
 8.104      -111.63217975
 8.106      -111.63221770
 8.109      -111.63225555
 8.111      -111.63229340
 8.114      -111.63233115
 8.116      -111.63236899
 8.119      -111.63240674
 8.121      -111.63244449
 8.124      -111.63248213
 8.126      -111.63251978
 8.129      -111.63255753
 8.131      -111.63259507
 8.134      -111.63263272
 8.136      -111.63267017
 8.139      -111.63270771
 8.141      -111.63274516
 8.144      -111.63278270
 8.146      -111.63282005
 8.149      -111.63285739
 8.151      -111.63289484
 8.154      -111.63293208
 8.156      -111.63296943
 8.159      -111.63300667
 8.161      -111.63304391
 8.164      -111.63308116
 8.166      -111.63311830
 8.169      -111.63315544
 8.171      -111.63319268
 8.174      -111.63322973
 8.176      -111.63326677
 8.179      -111.63330371
 8.181      -111.63334075
 8.184      -111.63337769
 8.186      -111.63341453
 8.189      -111.63345158
 8.191      -111.63348842
 8.194      -111.63352526
 8.196      -111.63356210
 8.199      -111.63359894
 8.201      -111.63363568
 8.204      -111.63367242
 8.206      -111.63370896
 8.209      -111.63374559
 8.211      -111.63378233
 8.214      -111.63381897
 8.216      -111.63385551
 8.219      -111.63389195
 8.221      -111.63392859
 8.224      -111.63396502
 8.226      -111.63400136
 8.229      -111.63403780
 8.231      -111.63407424
 8.234      -111.63411057
 8.236      -111.63414691
 8.239      -111.63418325
 8.241      -111.63421948
 8.244      -111.63425572
 8.246      -111.63429196
 8.249      -111.63432809
 8.251      -111.63436423
 8.254      -111.63440046
 8.256      -111.63443650
 8.259      -111.63447253
 8.261      -111.63450857
 8.264      -111.63454450
 8.266      -111.63458044
 8.269      -111.63461647
 8.271      -111.63465230
 8.274      -111.63468814
 8.276      -111.63472397
 8.279      -111.63475980
 8.281      -111.63479564
 8.284      -111.63483127
 8.286      -111.63486710
 8.289      -111.63490273
 8.291      -111.63493847
 8.294      -111.63497410
 8.296      -111.63500963
 8.299      -111.63504526
 8.301      -111.63508079
 8.304      -111.63511632
 8.306      -111.63515185
 8.309      -111.63518729
 8.311      -111.63522262
 8.314      -111.63525805
 8.316      -111.63529338
 8.319      -111.63532871
 8.321      -111.63536404
 8.324      -111.63539927
 8.326      -111.63543450
 8.329      -111.63546973
 8.331      -111.63550496
 8.334      -111.63554018
 8.336      -111.63557521
 8.339      -111.63561024
 8.341      -111.63564527
 8.344      -111.63568040
 8.346      -111.63571533
 8.349      -111.63575035
 8.351      -111.63578528
 8.354      -111.63582021
 8.356      -111.63585514
 8.359      -111.63588996
 8.361      -111.63592489
 8.364      -111.63595962
 8.366      -111.63599434
 8.369      -111.63602907
 8.371      -111.63606380
 8.374      -111.63609842
 8.376      -111.63613305
 8.379      -111.63616777
 8.381      -111.63620230
 8.384      -111.63623683
 8.386      -111.63627145
 8.389      -111.63630598
 8.391      -111.63634040
 8.394      -111.63637473
 8.396      -111.63640925
 8.399      -111.63644357
 8.401      -111.63647800
 8.404      -111.63651222
 8.406      -111.63654665
 8.409      -111.63658087
 8.411      -111.63661509
 8.414      -111.63664922
 8.416      -111.63668354
 8.419      -111.63671766
 8.421      -111.63675179
 8.424      -111.63678591
 8.426      -111.63681993
 8.429      -111.63685386
 8.431      -111.63688788
 8.434      -111.63692190
 8.436      -111.63695582
 8.439      -111.63698974
 8.441      -111.63702357
 8.444      -111.63705749
 8.446      -111.63709121
 8.449      -111.63712513
 8.451      -111.63715885
 8.454      -111.63719257
 8.456      -111.63722629
 8.459      -111.63726001
 8.461      -111.63729353
 8.464      -111.63732725
 8.466      -111.63736077
 8.469      -111.63739449
 8.471      -111.63742801
 8.474      -111.63746153
 8.476      -111.63749495
 8.479      -111.63752837
 8.481      -111.63756179
 8.484      -111.63759521
 8.486      -111.63762853
 8.489      -111.63766195
 8.491      -111.63769517
 8.494      -111.63772848
 8.496      -111.63776170
 8.499      -111.63779492
 8.501      -111.63782804
 8.504      -111.63786126
 8.506      -111.63789448
 8.509      -111.63792759
 8.511      -111.63796061
 8.514      -111.63799363
 8.516      -111.63802655
 8.519      -111.63805966
 8.521      -111.63809268
 8.524      -111.63812550
 8.526      -111.63815841
 8.529      -111.63819133
 8.531      -111.63822425
 8.534      -111.63825706
 8.536      -111.63828978
 8.539      -111.63832259
 8.541      -111.63835521
 8.544      -111.63838793
 8.546      -111.63842064
 8.549      -111.63845336
 8.551      -111.63848597
 8.554      -111.63851849
 8.556      -111.63855110
 8.559      -111.63858362
 8.561      -111.63861613
 8.564      -111.63864865
 8.566      -111.63868096
 8.569      -111.63871348
 8.571      -111.63874589
 8.574      -111.63877821
 8.576      -111.63881062
 8.579      -111.63884293
 8.581      -111.63887515
 8.584      -111.63890746
 8.586      -111.63893968
 8.589      -111.63897189
 8.591      -111.63900410
 8.594      -111.63903622
 8.596      -111.63906823
 8.599      -111.63910034
 8.601      -111.63913246
 8.604      -111.63916447
 8.606      -111.63919648
 8.609      -111.63922849
 8.611      -111.63926041
 8.614      -111.63929232
 8.616      -111.63932423
 8.619      -111.63935604
 8.621      -111.63938786
 8.624      -111.63941977
 8.626      -111.63945148
 8.629      -111.63948319
 8.631      -111.63951500
 8.634      -111.63954671
 8.636      -111.63957833
 8.639      -111.63961004
 8.641      -111.63964165
 8.644      -111.63967326
 8.646      -111.63970487
 8.649      -111.63973638
 8.651      -111.63976789
 8.654      -111.63979930
 8.656      -111.63983081
 8.659      -111.63986232
 8.661      -111.63989363
 8.664      -111.63992504
 8.666      -111.63995645
 8.669      -111.63998766
 8.671      -111.64001907
 8.674      -111.64005028
 8.676      -111.64008149
 8.679      -111.64011270
 8.681      -111.64014391
 8.684      -111.64017502
 8.686      -111.64020613
 8.689      -111.64023724
 8.691      -111.64026835
 8.694      -111.64029936
 8.696      -111.64033037
 8.699      -111.64036138
 8.701      -111.64039238
 8.704      -111.64042329
 8.706      -111.64045420
 8.709      -111.64048511
 8.711      -111.64051602
 8.714      -111.64054683
 8.716      -111.64057763
 8.719      -111.64060844
 8.721      -111.64063915
 8.724      -111.64066996
 8.726      -111.64070067
 8.729      -111.64073127
 8.731      -111.64076198
 8.734      -111.64079249
 8.736      -111.64082320
 8.739      -111.64085380
 8.741      -111.64088431
 8.744      -111.64091482
 8.746      -111.64094532
 8.749      -111.64097563
 8.751      -111.64100624
 8.754      -111.64103664
 8.756      -111.64106695
 8.759      -111.64109726
 8.761      -111.64112766
 8.764      -111.64115807
 8.766      -111.64118828
 8.769      -111.64121858
 8.771      -111.64124879
 8.774      -111.64127890
 8.776      -111.64130910
 8.779      -111.64133931
 8.781      -111.64136941
 8.784      -111.64139952
 8.786      -111.64142952
 8.789      -111.64145963
 8.791      -111.64148964
 8.794      -111.64151964
 8.796      -111.64154965
 8.799      -111.64157955
 8.801      -111.64160946
 8.804      -111.64163936
 8.806      -111.64166917
 8.809      -111.64169907
 8.811      -111.64172888
 8.814      -111.64175868
 8.816      -111.64178839
 8.819      -111.64181829
 8.821      -111.64184799
 8.824      -111.64187760
 8.826      -111.64190720
 8.829      -111.64193691
 8.831      -111.64196651
 8.834      -111.64199612
 8.836      -111.64202552
 8.839      -111.64205513
 8.841      -111.64208463
 8.844      -111.64211413
 8.846      -111.64214364
 8.849      -111.64217304
 8.851      -111.64220244
 8.854      -111.64223185
 8.856      -111.64226125
 8.859      -111.64229046
 8.861      -111.64231986
 8.864      -111.64234906
 8.866      -111.64237837
 8.869      -111.64240767
 8.871      -111.64243687
 8.874      -111.64246597
 8.876      -111.64249518
 8.879      -111.64252428
 8.881      -111.64255338
 8.884      -111.64258249
 8.886      -111.64261159
 8.889      -111.64264059
 8.891      -111.64266959
 8.894      -111.64269860
 8.896      -111.64272750
 8.899      -111.64275640
 8.901      -111.64278530
 8.904      -111.64281421
 8.906      -111.64284311
 8.909      -111.64287191
 8.911      -111.64290061
 8.914      -111.64292952
 8.916      -111.64295822
 8.919      -111.64298702
 8.921      -111.64301582
 8.924      -111.64304432
 8.926      -111.64307312
 8.929      -111.64310173
 8.931      -111.64313033
 8.934      -111.64315893
 8.936      -111.64318743
 8.939      -111.64321593
 8.941      -111.64324453
 8.944      -111.64327304
 8.946      -111.64330154
 8.949      -111.64332994
 8.951      -111.64335834
 8.954      -111.64338684
 8.956      -111.64341504
 8.959      -111.64344354
 8.961      -111.64347174
 8.964      -111.64350014
 8.966      -111.64352835
 8.969      -111.64355665
 8.971      -111.64358485
 8.974      -111.64361305
 8.976      -111.64364125
 8.979      -111.64366935
 8.981      -111.64369745
 8.984      -111.64372565
 8.986      -111.64375375
 8.989      -111.64378175
 8.991      -111.64380985
 8.994      -111.64383775
 8.996      -111.64386575
 8.999      -111.64389375
 9.001      -111.64392175
 9.004      -111.64394965
 9.006      -111.64397755
 9.009      -111.64400535
 9.011      -111.64403315
 9.014      -111.64406115
 9.016      -111.64408885
 9.019      -111.64411665
 9.021      -111.64414445
 9.024      -111.64417215
 9.026      -111.64419985
 9.029      -111.64422745
 9.031      -111.64425515
 9.034      -111.64428275
 9.036      -111.64431045
 9.039      -111.64433805
 9.041      -111.64436555
 9.044      -111.64439305
 9.046      -111.64442055
 9.049      -111.64444805
 9.051      -111.64447555
 9.054      -111.64450294
 9.056      -111.64453054
 9.059      -111.64455784
 9.061      -111.64458514
 9.064      -111.64461254
 9.066      -111.64463994
 9.069      -111.64466714
