 1.701      -111.33784043
 1.704      -111.34117078
 1.706      -111.34448256
 1.709      -111.34777545
 1.711      -111.35104900
 1.714      -111.35430365
 1.716      -111.35753872
 1.719      -111.36075445
 1.721      -111.36395117
 1.724      -111.36712807
 1.726      -111.37028550
 1.729      -111.37342309
 1.731      -111.37654137
 1.734      -111.37963989
 1.736      -111.38271835
 1.739      -111.38577702
 1.741      -111.38881617
 1.744      -111.39183497
 1.746      -111.39483412
 1.749      -111.39781346
 1.751      -111.40077233
 1.754      -111.40371137
 1.756      -111.40663024
 1.759      -111.40952911
 1.761      -111.41240784
 1.764      -111.41526634
 1.766      -111.41810472
 1.769      -111.42092311
 1.771      -111.42372117
 1.774      -111.42649888
 1.776      -111.42925661
 1.779      -111.43199433
 1.781      -111.43471157
 1.784      -111.43740884
 1.786      -111.44008578
 1.789      -111.44274279
 1.791      -111.44537931
 1.794      -111.44799616
 1.796      -111.45059268
 1.799      -111.45316895
 1.801      -111.45572526
 1.804      -111.45826148
 1.806      -111.46077780
 1.809      -111.46327398
 1.811      -111.46575023
 1.814      -111.46820673
 1.816      -111.47064314
 1.819      -111.47305987
 1.821      -111.47545659
 1.824      -111.47783382
 1.826      -111.48019109
 1.829      -111.48252853
 1.831      -111.48484654
 1.834      -111.48714499
 1.836      -111.48942386
 1.839      -111.49168295
 1.841      -111.49392299
 1.844      -111.49614353
 1.846      -111.49834488
 1.849      -111.50052663
 1.851      -111.50268928
 1.854      -111.50483281
 1.856      -111.50695715
 1.859      -111.50906269
 1.861      -111.51114910
 1.864      -111.51321682
 1.866      -111.51526550
 1.869      -111.51729528
 1.871      -111.51930655
 1.874      -111.52129921
 1.876      -111.52327315
 1.879      -111.52522899
 1.881      -111.52716612
 1.884      -111.52908505
 1.886      -111.53098568
 1.889      -111.53286810
 1.891      -111.53473272
 1.894      -111.53657896
 1.896      -111.53840742
 1.899      -111.54021789
 1.901      -111.54201070
 1.904      -111.54378582
 1.906      -111.54554328
 1.909      -111.54728337
 1.911      -111.54900602
 1.914      -111.55071122
 1.916      -111.55239907
 1.919      -111.55406989
 1.921      -111.55572358
 1.924      -111.55736035
 1.926      -111.55898021
 1.929      -111.56058306
 1.931      -111.56216940
 1.934      -111.56373896
 1.936      -111.56529223
 1.939      -111.56682883
 1.941      -111.56834895
 1.944      -111.56985302
 1.946      -111.57134093
 1.949      -111.57281260
 1.951      -111.57426832
 1.954      -111.57570823
 1.956      -111.57713220
 1.959      -111.57854057
 1.961      -111.57993344
 1.964      -111.58131051
 1.966      -111.58267240
 1.969      -111.58401880
 1.971      -111.58535004
 1.974      -111.58666612
 1.976      -111.58796724
 1.979      -111.58925322
 1.981      -111.59052466
 1.984      -111.59178118
 1.986      -111.59302287
 1.989      -111.59425026
 1.991      -111.59546314
 1.994      -111.59666184
 1.996      -111.59784604
 1.999      -111.59901606
 2.001      -111.60017212
 2.004      -111.60131402
 2.006      -111.60244236
 2.009      -111.60355666
 2.011      -111.60465732
 2.014      -111.60574445
 2.016      -111.60681806
 2.019      -111.60787826
 2.021      -111.60892535
 2.024      -111.60995904
 2.026      -111.61097964
 2.029      -111.61198716
 2.031      -111.61298200
 2.034      -111.61396377
 2.036      -111.61493298
 2.039      -111.61588954
 2.041      -111.61683354
 2.044      -111.61776511
 2.046      -111.61868434
 2.049      -111.61959145
 2.051      -111.62048633
 2.054      -111.62136911
 2.056      -111.62223997
 2.059      -111.62309893
 2.061      -111.62394610
 2.064      -111.62478168
 2.066      -111.62560567
 2.069      -111.62641789
 2.071      -111.62721914
 2.074      -111.62800872
 2.076      -111.62878724
 2.079      -111.62955461
 2.081      -111.63031093
 2.084      -111.63105640
 2.086      -111.63179094
 2.089      -111.63251475
 2.091      -111.63322772
 2.094      -111.63393028
 2.096      -111.63462241
 2.099      -111.63530394
 2.101      -111.63597515
 2.104      -111.63663626
 2.106      -111.63728707
 2.109      -111.63792789
 2.111      -111.63855882
 2.114      -111.63917985
 2.116      -111.63979111
 2.119      -111.64039259
 2.121      -111.64098449
 2.124      -111.64156672
 2.126      -111.64213969
 2.129      -111.64270319
 2.131      -111.64325733
 2.134      -111.64380222
 2.136      -111.64433825
 2.139      -111.64486503
 2.141      -111.64538276
 2.144      -111.64589176
 2.146      -111.64639201
 2.149      -111.64688343
 2.151      -111.64736630
 2.154      -111.64784055
 2.156      -111.64830637
 2.159      -111.64876367
 2.161      -111.64921284
 2.164      -111.64965369
 2.166      -111.65008632
 2.169      -111.65051093
 2.171      -111.65092743
 2.174      -111.65133602
 2.176      -111.65173699
 2.179      -111.65212986
 2.181      -111.65251523
 2.184      -111.65289279
 2.186      -111.65326275
 2.189      -111.65362540
 2.191      -111.65398056
 2.194      -111.65432833
 2.196      -111.65466889
 2.199      -111.65500227
 2.201      -111.65532825
 2.204      -111.65564754
 2.206      -111.65595975
 2.209      -111.65626486
 2.211      -111.65656329
 2.214      -111.65685483
 2.216      -111.65713979
 2.219      -111.65741797
 2.221      -111.65768956
 2.224      -111.65795468
 2.226      -111.65821321
 2.229      -111.65846566
 2.231      -111.65871154
 2.234      -111.65895124
 2.236      -111.65918466
 2.239      -111.65941211
 2.241      -111.65963338
 2.244      -111.65984878
 2.246      -111.66005811
 2.249      -111.66026156
 2.251      -111.66045924
 2.254      -111.66065114
 2.256      -111.66083728
 2.259      -111.66101804
 2.261      -111.66119304
 2.264      -111.66136236
 2.266      -111.66152662
 2.269      -111.66168520
 2.271      -111.66183842
 2.274      -111.66198657
 2.276      -111.66212925
 2.279      -111.66226696
 2.281      -111.66239940
 2.284      -111.66252687
 2.286      -111.66264918
 2.289      -111.66276672
 2.291      -111.66287929
 2.294      -111.66298699
 2.296      -111.66308983
 2.299      -111.66318819
 2.301      -111.66328150
 2.304      -111.66337053
 2.306      -111.66345469
 2.309      -111.66353449
 2.311      -111.66360962
 2.314      -111.66368039
 2.316      -111.66374698
 2.319      -111.66380910
 2.321      -111.66386696
 2.324      -111.66392055
 2.326      -111.66396997
 2.329      -111.66401522
 2.331      -111.66405621
 2.334      -111.66409342
 2.336      -111.66412656
 2.339      -111.66415564
 2.341      -111.66418094
 2.344      -111.66420228
 2.346      -111.66421974
 2.349      -111.66423363
 2.351      -111.66424366
 2.354      -111.66424991
 2.356      -111.66425249
 2.359      -111.66425159
 2.361      -111.66424713
 2.364      -111.66423909
 2.366      -111.66422758
 2.369      -111.66421270
 2.371      -111.66419424
 2.374      -111.66417261
 2.376      -111.66414760
 2.379      -111.66411932
 2.381      -111.66408776
 2.384      -111.66405283
 2.386      -111.66401502
 2.389      -111.66397384
 2.391      -111.66392968
 2.394      -111.66388254
 2.396      -111.66383223
 2.399      -111.66377913
 2.401      -111.66372306
 2.404      -111.66366401
 2.406      -111.66360198
 2.409      -111.66353727
 2.411      -111.66346968
 2.414      -111.66339921
 2.416      -111.66332616
 2.419      -111.66325043
 2.421      -111.66317202
 2.424      -111.66309082
 2.426      -111.66300724
 2.429      -111.66292098
 2.431      -111.66283204
 2.434      -111.66274071
 2.436      -111.66264690
 2.439      -111.66255070
 2.441      -111.66245192
 2.444      -111.66235095
 2.446      -111.66224760
 2.449      -111.66214176
 2.451      -111.66203373
 2.454      -111.66192352
 2.456      -111.66181101
 2.459      -111.66169613
 2.461      -111.66157915
 2.464      -111.66146018
 2.466      -111.66133893
 2.469      -111.66121568
 2.471      -111.66109025
 2.474      -111.66096282
 2.476      -111.66083331
 2.479      -111.66070190
 2.481      -111.66056850
 2.484      -111.66043311
 2.486      -111.66029583
 2.489      -111.66015665
 2.491      -111.66001559
 2.494      -111.65987272
 2.496      -111.65972807
 2.499      -111.65958152
 2.501      -111.65943317
 2.504      -111.65928324
 2.506      -111.65913140
 2.509      -111.65897797
 2.511      -111.65882285
 2.514      -111.65866612
 2.516      -111.65850751
 2.519      -111.65834759
 2.521      -111.65818598
 2.524      -111.65802277
 2.526      -111.65785796
 2.529      -111.65769175
 2.531      -111.65752394
 2.534      -111.65735474
 2.536      -111.65718394
 2.539      -111.65701173
 2.541      -111.65683813
 2.544      -111.65666312
 2.546      -111.65648662
 2.549      -111.65630882
 2.551      -111.65612981
 2.554      -111.65594930
 2.556      -111.65576749
 2.559      -111.65558448
 2.561      -111.65540017
 2.564      -111.65521455
 2.566      -111.65502764
 2.569      -111.65483971
 2.571      -111.65465039
 2.574      -111.65445986
 2.576      -111.65426823
 2.579      -111.65407549
 2.581      -111.65388155
 2.584      -111.65368651
 2.586      -111.65349036
 2.589      -111.65329320
 2.591      -111.65309484
 2.594      -111.65289538
 2.596      -111.65269500
 2.599      -111.65249353
 2.601      -111.65229104
 2.604      -111.65208765
 2.606      -111.65188335
 2.609      -111.65167775
 2.611      -111.65147144
 2.614      -111.65126412
 2.616      -111.65105589
 2.619      -111.65084676
 2.621      -111.65063682
 2.624      -111.65042577
 2.626      -111.65021401
 2.629      -111.65000135
 2.631      -111.64978777
 2.634      -111.64957349
 2.636      -111.64935840
 2.639      -111.64914240
 2.641      -111.64892579
 2.644      -111.64870817
 2.646      -111.64848984
 2.649      -111.64827060
 2.651      -111.64805095
 2.654      -111.64783039
 2.656      -111.64760922
 2.659      -111.64738714
 2.661      -111.64716455
 2.664      -111.64694125
 2.666      -111.64671713
 2.669      -111.64649251
 2.671      -111.64626718
 2.674      -111.64604113
 2.676      -111.64581458
 2.679      -111.64558731
 2.681      -111.64535953
 2.684      -111.64513094
 2.686      -111.64490203
 2.689      -111.64467232
 2.691      -111.64444209
 2.694      -111.64421145
 2.696      -111.64398010
 2.699      -111.64374824
 2.701      -111.64351586
 2.704      -111.64328287
 2.706      -111.64304957
 2.709      -111.64281566
 2.711      -111.64258123
 2.714      -111.64234639
 2.716      -111.64211094
 2.719      -111.64187517
 2.721      -111.64163900
 2.724      -111.64140210
 2.726      -111.64116490
 2.729      -111.64092738
 2.731      -111.64068925
 2.734      -111.64045090
 2.736      -111.64021194
 2.739      -111.63997287
 2.741      -111.63973308
 2.744      -111.63949298
 2.746      -111.63925267
 2.749      -111.63901194
 2.751      -111.63877070
 2.754      -111.63852924
 2.756      -111.63828728
 2.759      -111.63804529
 2.761      -111.63780279
 2.764      -111.63755998
 2.766      -111.63731675
 2.769      -111.63707331
 2.771      -111.63682956
 2.774      -111.63658559
 2.776      -111.63634121
 2.779      -111.63609661
 2.781      -111.63585179
 2.784      -111.63560657
 2.786      -111.63536123
 2.789      -111.63511557
 2.791      -111.63486960
 2.794      -111.63462341
 2.796      -111.63437712
 2.799      -111.63413060
 2.801      -111.63388367
 2.804      -111.63363663
 2.806      -111.63338937
 2.809      -111.63314190
 2.811      -111.63289431
 2.814      -111.63264651
 2.816      -111.63239849
 2.819      -111.63215026
 2.821      -111.63190191
 2.824      -111.63165325
 2.826      -111.63140468
 2.829      -111.63115578
 2.831      -111.63090688
 2.834      -111.63065756
 2.836      -111.63040832
 2.839      -111.63015897
 2.841      -111.62990931
 2.844      -111.62965973
 2.846      -111.62940994
 2.849      -111.62916003
 2.851      -111.62891001
 2.854      -111.62865997
 2.856      -111.62840981
 2.859      -111.62815935
 2.861      -111.62790896
 2.864      -111.62765857
 2.866      -111.62740796
 2.869      -111.62715743
 2.871      -111.62690689
 2.874      -111.62665593
 2.876      -111.62640517
 2.879      -111.62615448
 2.881      -111.62590348
 2.884      -111.62565247
 2.886      -111.62540154
 2.889      -111.62515060
 2.891      -111.62489954
 2.894      -111.62464857
 2.896      -111.62439739
 2.899      -111.62414639
 2.901      -111.62389537
 2.904      -111.62364414
 2.906      -111.62339310
 2.909      -111.62314195
 2.911      -111.62289088
 2.914      -111.62263979
 2.916      -111.62238879
 2.919      -111.62213758
 2.921      -111.62188665
 2.924      -111.62163561
 2.926      -111.62138485
 2.929      -111.62113378
 2.931      -111.62088280
 2.934      -111.62063211
 2.936      -111.62038129
 2.939      -111.62013057
 2.941      -111.61987983
 2.944      -111.61962918
 2.946      -111.61937861
 2.949      -111.61912803
 2.951      -111.61887764
 2.954      -111.61862734
 2.956      -111.61837712
 2.959      -111.61812699
 2.961      -111.61787684
 2.964      -111.61762688
 2.966      -111.61737691
 2.969      -111.61712722
 2.971      -111.61687752
 2.974      -111.61662791
 2.976      -111.61637848
 2.979      -111.61612894
 2.981      -111.61587969
 2.984      -111.61563063
 2.986      -111.61538155
 2.989      -111.61513266
 2.991      -111.61488406
 2.994      -111.61463535
 2.996      -111.61438682
 2.999      -111.61413858
 3.001      -111.61389033
 3.004      -111.61364226
 3.006      -111.61339438
 3.009      -111.61314670
 3.011      -111.61289900
 3.014      -111.61265158
 3.016      -111.61240446
 3.019      -111.61215732
 3.021      -111.61191047
 3.024      -111.61166370
 3.026      -111.61141713
 3.029      -111.61117075
 3.031      -111.61092455
 3.034      -111.61067864
 3.036      -111.61043272
 3.039      -111.61018719
 3.041      -111.60994174
 3.044      -111.60969649
 3.046      -111.60945142
 3.049      -111.60920665
 3.051      -111.60896206
 3.054      -111.60871776
 3.056      -111.60847355
 3.059      -111.60822953
 3.061      -111.60798579
 3.064      -111.60774225
 3.066      -111.60749900
 3.069      -111.60725593
 3.071      -111.60701316
 3.074      -111.60677067
 3.076      -111.60652827
 3.079      -111.60628617
 3.081      -111.60604435
 3.084      -111.60580262
 3.086      -111.60556138
 3.089      -111.60532034
 3.091      -111.60507958
 3.094      -111.60483881
 3.096      -111.60459853
 3.099      -111.60435854
 3.101      -111.60411875
 3.104      -111.60387924
 3.106      -111.60364002
 3.109      -111.60340110
 3.111      -111.60316236
 3.114      -111.60292412
 3.116      -111.60268596
 3.119      -111.60244810
 3.121      -111.60221063
 3.124      -111.60197345
 3.126      -111.60173636
 3.129      -111.60149976
 3.131      -111.60126345
 3.134      -111.60102743
 3.136      -111.60079171
 3.139      -111.60055637
 3.141      -111.60032113
 3.144      -111.60008648
 3.146      -111.59985192
 3.149      -111.59961785
 3.151      -111.59938408
 3.154      -111.59915060
 3.156      -111.59891731
 3.159      -111.59868451
 3.161      -111.59845200
 3.164      -111.59821988
 3.166      -111.59798796
 3.169      -111.59775653
 3.171      -111.59752539
 3.174      -111.59729464
 3.176      -111.59706409
 3.179      -111.59683403
 3.181      -111.59660436
 3.184      -111.59637499
 3.186      -111.59614591
 3.189      -111.59591732
 3.191      -111.59568883
 3.194      -111.59546103
 3.196      -111.59523352
 3.199      -111.59500630
 3.201      -111.59477948
 3.204      -111.59455305
 3.206      -111.59432712
 3.209      -111.59410127
 3.211      -111.59387603
 3.214      -111.59365108
 3.216      -111.59342652
 3.219      -111.59320245
 3.221      -111.59297868
 3.224      -111.59275530
 3.226      -111.59253232
 3.229      -111.59230983
 3.231      -111.59208764
 3.234      -111.59186584
 3.236      -111.59164464
 3.239      -111.59142353
 3.241      -111.59120301
 3.244      -111.59098309
 3.246      -111.59076327
 3.249      -111.59054394
 3.251      -111.59032521
 3.254      -111.59010667
 3.256      -111.58988863
 3.259      -111.58967108
 3.261      -111.58945392
 3.264      -111.58923716
 3.266      -111.58902090
 3.269      -111.58880504
 3.271      -111.58858967
 3.274      -111.58837449
 3.276      -111.58816011
 3.279      -111.58794604
 3.281      -111.58773235
 3.284      -111.58751915
 3.286      -111.58730637
 3.289      -111.58709417
 3.291      -111.58688226
 3.294      -111.58667086
 3.296      -111.58645985
 3.299      -111.58624934
 3.301      -111.58603933
 3.304      -111.58582982
 3.306      -111.58562080
 3.309      -111.58541207
 3.311      -111.58520395
 3.314      -111.58499632
 3.316      -111.58478909
 3.319      -111.58458246
 3.321      -111.58437622
 3.324      -111.58417048
 3.326      -111.58396524
 3.329      -111.58376040
 3.331      -111.58355606
 3.334      -111.58335231
 3.336      -111.58314886
 3.339      -111.58294611
 3.341      -111.58274376
 3.344      -111.58254191
 3.346      -111.58234055
 3.349      -111.58213959
 3.351      -111.58193933
 3.354      -111.58173947
 3.356      -111.58154011
 3.359      -111.58134135
 3.361      -111.58114288
 3.364      -111.58094512
 3.366      -111.58074785
 3.369      -111.58055109
 3.371      -111.58035471
 3.374      -111.58015905
 3.376      -111.57996378
 3.379      -111.57976911
 3.381      -111.57957494
 3.384      -111.57938117
 3.386      -111.57918800
 3.389      -111.57899533
 3.391      -111.57880326
 3.394      -111.57861178
 3.396      -111.57842071
 3.399      -111.57823024
 3.401      -111.57804027
 3.404      -111.57785080
 3.406      -111.57766203
 3.409      -111.57747366
 3.411      -111.57728598
 3.414      -111.57709871
 3.416      -111.57691195
 3.419      -111.57672578
 3.421      -111.57654021
 3.424      -111.57635515
 3.426      -111.57617058
 3.429      -111.57598661
 3.431      -111.57580325
 3.434      -111.57562049
 3.436      -111.57543822
 3.439      -111.57525636
 3.441      -111.57507531
 3.444      -111.57489475
 3.446      -111.57471469
 3.449      -111.57453524
 3.451      -111.57435639
 3.454      -111.57417803
 3.456      -111.57400018
 3.459      -111.57382314
 3.461      -111.57364639
 3.464      -111.57347024
 3.466      -111.57329490
 3.469      -111.57311996
 3.471      -111.57294573
 3.474      -111.57277200
 3.476      -111.57259886
 3.479      -111.57242623
 3.481      -111.57225430
 3.484      -111.57208288
 3.486      -111.57191195
 3.489      -111.57174194
 3.491      -111.57157222
 3.494      -111.57140311
 3.496      -111.57123470
 3.499      -111.57106689
 3.501      -111.57089958
 3.504      -111.57073288
 3.506      -111.57056678
 3.509      -111.57040139
 3.511      -111.57023659
 3.514      -111.57007220
 3.516      -111.56990852
 3.519      -111.56974544
 3.521      -111.56958307
 3.524      -111.56942109
 3.526      -111.56925992
 3.529      -111.56909926
 3.531      -111.56893919
 3.534      -111.56877983
 3.536      -111.56862098
 3.539      -111.56846273
 3.541      -111.56830518
 3.544      -111.56814814
 3.546      -111.56799180
 3.549      -111.56783607
 3.551      -111.56768094
 3.554      -111.56752642
 3.556      -111.56737249
 3.559      -111.56721918
 3.561      -111.56706666
 3.564      -111.56691445
 3.566      -111.56676306
 3.569      -111.56661226
 3.571      -111.56646217
 3.574      -111.56631258
 3.576      -111.56616360
 3.579      -111.56601542
 3.581      -111.56586754
 3.584      -111.56572058
 3.586      -111.56557422
 3.589      -111.56542847
 3.591      -111.56528331
 3.594      -111.56513877
 3.596      -111.56499492
 3.599      -111.56485169
 3.601      -111.56470906
 3.604      -111.56456714
 3.606      -111.56442582
 3.609      -111.56428501
 3.611      -111.56414500
 3.614      -111.56400560
 3.616      -111.56386691
 3.619      -111.56372862
 3.621      -111.56359113
 3.624      -111.56345436
 3.626      -111.56331809
 3.629      -111.56318242
 3.631      -111.56304766
 3.634      -111.56291321
 3.636      -111.56277956
 3.639      -111.56264663
 3.641      -111.56251429
 3.644      -111.56238256
 3.646      -111.56225155
 3.649      -111.56212113
 3.651      -111.56199133
 3.654      -111.56186212
 3.656      -111.56173373
 3.659      -111.56160594
 3.661      -111.56147876
 3.664      -111.56135229
 3.666      -111.56122642
 3.669      -111.56110126
 3.671      -111.56097661
 3.674      -111.56085276
 3.676      -111.56072942
 3.679      -111.56060689
 3.681      -111.56048497
 3.684      -111.56036365
 3.686      -111.56024304
 3.689      -111.56012314
 3.691      -111.56000384
 3.694      -111.55988515
 3.696      -111.55976717
 3.699      -111.55964969
 3.701      -111.55953303
 3.704      -111.55941717
 3.706      -111.55930162
 3.709      -111.55918697
 3.711      -111.55907294
 3.714      -111.55895951
 3.716      -111.55884679
 3.719      -111.55873478
 3.721      -111.55862337
 3.724      -111.55851267
 3.726      -111.55840249
 3.729      -111.55829300
 3.731      -111.55818433
 3.734      -111.55807606
 3.736      -111.55796871
 3.739      -111.55786185
 3.741      -111.55775571
 3.744      -111.55765028
 3.746      -111.55754555
 3.749      -111.55744133
 3.751      -111.55733793
 3.754      -111.55723512
 3.756      -111.55713293
 3.759      -111.55703145
 3.761      -111.55693047
 3.764      -111.55683050
 3.766      -111.55673104
 3.769      -111.55663209
 3.771      -111.55653395
 3.774      -111.55643641
 3.776      -111.55633959
 3.779      -111.55624337
 3.781      -111.55614796
 3.784      -111.55605295
 3.786      -111.55595887
 3.789      -111.55586528
 3.791      -111.55577240
 3.794      -111.55568024
 3.796      -111.55558868
 3.799      -111.55549783
 3.801      -111.55540759
 3.804      -111.55531806
 3.806      -111.55522904
 3.809      -111.55514082
 3.811      -111.55505322
 3.814      -111.55496632
 3.816      -111.55488024
 3.819      -111.55479456
 3.821      -111.55470969
 3.824      -111.55462533
 3.826      -111.55454177
 3.829      -111.55445884
 3.831      -111.55437650
 3.834      -111.55429497
 3.836      -111.55421396
 3.839      -111.55413375
 3.841      -111.55405405
 3.844      -111.55397517
 3.846      -111.55389679
 3.849      -111.55381922
 3.851      -111.55374216
 3.854      -111.55366590
 3.856      -111.55359006
 3.859      -111.55351512
 3.861      -111.55344080
 3.864      -111.55336709
 3.866      -111.55329398
 3.869      -111.55322158
 3.871      -111.55314979
 3.874      -111.55307882
 3.876      -111.55300835
 3.879      -111.55293859
 3.881      -111.55286934
 3.884      -111.55280100
 3.886      -111.55273316
 3.889      -111.55266604
 3.891      -111.55259953
 3.894      -111.55253363
 3.896      -111.55246843
 3.899      -111.55240394
 3.901      -111.55233997
 3.904      -111.55227670
 3.906      -111.55221415
 3.909      -111.55215219
 3.911      -111.55209076
 3.914      -111.55203023
 3.916      -111.55197021
 3.919      -111.55191090
 3.921      -111.55185210
 3.924      -111.55179411
 3.926      -111.55173673
 3.929      -111.55167986
 3.931      -111.55162380
 3.934      -111.55156814
 3.936      -111.55151340
 3.939      -111.55145916
 3.941      -111.55140564
 3.944      -111.55135262
 3.946      -111.55130042
 3.949      -111.55124883
 3.951      -111.55119763
 3.954      -111.55114726
 3.956      -111.55109760
 3.959      -111.55104844
 3.961      -111.55100009
 3.964      -111.55095225
 3.966      -111.55090512
 3.969      -111.55085850
 3.971      -111.55081259
 3.974      -111.55076729
 3.976      -111.55072270
 3.979      -111.55067861
 3.981      -111.55063524
 3.984      -111.55059238
 3.986      -111.55055033
 3.989      -111.55050878
 3.991      -111.55046784
 3.994      -111.55042762
 3.996      -111.55038801
 3.999      -111.55034900
 4.001      -111.55031061
 4.004      -111.55027282
 4.006      -111.55023564
 4.009      -111.55019917
 4.011      -111.55016321
 4.014      -111.55012786
 4.016      -111.55009332
 4.019      -111.55005919
 4.021      -111.55002567
 4.024      -111.54999296
 4.026      -111.54996066
 4.029      -111.54992907
 4.031      -111.54989819
 4.034      -111.54986781
 4.036      -111.54983804
 4.039      -111.54980889
 4.041      -111.54978035
 4.044      -111.54975241
 4.046      -111.54972498
 4.049      -111.54969826
 4.051      -111.54967216
 4.054      -111.54964656
 4.056      -111.54962177
 4.059      -111.54959729
 4.061      -111.54957382
 4.064      -111.54955056
 4.066      -111.54952800
 4.069      -111.54950606
 4.071      -111.54948483
 4.074      -111.54946410
 4.076      -111.54944389
 4.079      -111.54942428
 4.081      -111.54940538
 4.084      -111.54938699
 4.086      -111.54936912
 4.089      -111.54935205
 4.091      -111.54933529
 4.094      -111.54931944
 4.096      -111.54930390
 4.099      -111.54928917
 4.101      -111.54927484
 4.104      -111.54926102
 4.106      -111.54924802
 4.109      -111.54923542
 4.111      -111.54922364
 4.114      -111.54921216
 4.116      -111.54920129
 4.119      -111.54919103
 4.121      -111.54918137
 4.124      -111.54917223
 4.126      -111.54916370
 4.129      -111.54915588
 4.131      -111.54914836
 4.134      -111.54914155
 4.136      -111.54913535
 4.139      -111.54912956
 4.141      -111.54912458
 4.144      -111.54912001
 4.146      -111.54911595
 4.149      -111.54911249
 4.151      -111.54910944
 4.154      -111.54910711
 4.156      -111.54910538
 4.159      -111.54910416
 4.161      -111.54910345
 4.164      -111.54910335
 4.166      -111.54910366
 4.169      -111.54910477
 4.171      -111.54910609
 4.174      -111.54910822
 4.176      -111.54911087
 4.179      -111.54911392
 4.181      -111.54911777
 4.184      -111.54912184
 4.186      -111.54912651
 4.189      -111.54913190
 4.191      -111.54913759
 4.194      -111.54914399
 4.196      -111.54915100
 4.199      -111.54915842
 4.201      -111.54916634
 4.204      -111.54917477
 4.206      -111.54918381
 4.209      -111.54919336
 4.211      -111.54920342
 4.214      -111.54921398
 4.216      -111.54922516
 4.219      -111.54923664
 4.221      -111.54924883
 4.224      -111.54926132
 4.226      -111.54927453
 4.229      -111.54928815
 4.231      -111.54930247
 4.234      -111.54931710
 4.236      -111.54933234
 4.239      -111.54934809
 4.241      -111.54936424
 4.244      -111.54938100
 4.246      -111.54939827
 4.249      -111.54941585
 4.251      -111.54943424
 4.254      -111.54945272
 4.256      -111.54947213
 4.259      -111.54949173
 4.261      -111.54951196
 4.264      -111.54953258
 4.266      -111.54955391
 4.269      -111.54957555
 4.271      -111.54959770
 4.274      -111.54962035
 4.276      -111.54964341
 4.279      -111.54966708
 4.281      -111.54969116
 4.284      -111.54971574
 4.286      -111.54974083
 4.289      -111.54976633
 4.291      -111.54979243
 4.294      -111.54981884
 4.296      -111.54984567
 4.299      -111.54987320
 4.301      -111.54990103
 4.304      -111.54992937
 4.306      -111.54995822
 4.309      -111.54998747
 4.311      -111.55001724
 4.314      -111.55004741
 4.316      -111.55007809
 4.319      -111.55010917
 4.321      -111.55014076
 4.324      -111.55017276
 4.326      -111.55020516
 4.329      -111.55023807
 4.331      -111.55027159
 4.334      -111.55030532
 4.336      -111.55033965
 4.339      -111.55037429
 4.341      -111.55040954
 4.344      -111.55044499
 4.346      -111.55048105
 4.349      -111.55051752
 4.351      -111.55055439
 4.354      -111.55059166
 4.356      -111.55062955
 4.359      -111.55066764
 4.361      -111.55070624
 4.364      -111.55074545
 4.366      -111.55078486
 4.369      -111.55082478
 4.371      -111.55086500
 4.374      -111.55090573
 4.376      -111.55094697
 4.379      -111.55098851
 4.381      -111.55103055
 4.384      -111.55107291
 4.386      -111.55111567
 4.389      -111.55115904
 4.391      -111.55120251
 4.394      -111.55124649
 4.396      -111.55129097
 4.399      -111.55133586
 4.401      -111.55138116
 4.404      -111.55142666
 4.406      -111.55147278
 4.409      -111.55151919
 4.411      -111.55156601
 4.414      -111.55161334
 4.416      -111.55166087
 4.419      -111.55170891
 4.421      -111.55175725
 4.424      -111.55180609
 4.426      -111.55185515
 4.429      -111.55190460
 4.431      -111.55195458
 4.434      -111.55200494
 4.436      -111.55205562
 4.439      -111.55210670
 4.441      -111.55215798
 4.444      -111.55220988
 4.446      -111.55226198
 4.449      -111.55231448
 4.451      -111.55236739
 4.454      -111.55242060
 4.456      -111.55247432
 4.459      -111.55252834
 4.461      -111.55258267
 4.464      -111.55263721
 4.466      -111.55269234
 4.469      -111.55274789
 4.471      -111.55280353
 4.474      -111.55285969
 4.476      -111.55291604
 4.479      -111.55297301
 4.481      -111.55303007
 4.484      -111.55308755
 4.486      -111.55314542
 4.489      -111.55320351
 4.491      -111.55326209
 4.494      -111.55332099
 4.496      -111.55338008
 4.499      -111.55343958
 4.501      -111.55349939
 4.504      -111.55355959
 4.506      -111.55362011
 4.509      -111.55368093
 4.511      -111.55374216
 4.514      -111.55380358
 4.516      -111.55386541
 4.519      -111.55392755
 4.521      -111.55398999
 4.524      -111.55405263
 4.526      -111.55411568
 4.529      -111.55417903
 4.531      -111.55424279
 4.534      -111.55430675
 4.536      -111.55437102
 4.539      -111.55443569
 4.541      -111.55450045
 4.544      -111.55456574
 4.546      -111.55463121
 4.549      -111.55469700
 4.551      -111.55476309
 4.554      -111.55482948
 4.556      -111.55489607
 4.559      -111.55496317
 4.561      -111.55503027
 4.564      -111.55509798
 4.566      -111.55516569
 4.569      -111.55523381
 4.571      -111.55530233
 4.574      -111.55537095
 4.576      -111.55543977
 4.579      -111.55550900
 4.581      -111.55557864
 4.584      -111.55564836
 4.586      -111.55571841
 4.589      -111.55578864
 4.591      -111.55585929
 4.594      -111.55593014
 4.596      -111.55600129
 4.599      -111.55607265
 4.601      -111.55614420
 4.604      -111.55621617
 4.606      -111.55628823
 4.609      -111.55636060
 4.611      -111.55643326
 4.614      -111.55650614
 4.616      -111.55657932
 4.619      -111.55665269
 4.621      -111.55672637
 4.624      -111.55680036
 4.626      -111.55687445
 4.629      -111.55694863
 4.631      -111.55702343
 4.634      -111.55709823
 4.636      -111.55717322
 4.639      -111.55724852
 4.641      -111.55732413
 4.644      -111.55739993
 4.646      -111.55747594
 4.649      -111.55755225
 4.651      -111.55762856
 4.654      -111.55770538
 4.656      -111.55778220
 4.659      -111.55785932
 4.661      -111.55793674
 4.664      -111.55801436
 4.666      -111.55809219
 4.669      -111.55817013
 4.671      -111.55824836
 4.674      -111.55832679
 4.676      -111.55840533
 4.679      -111.55848417
 4.681      -111.55856311
 4.684      -111.55864245
 4.686      -111.55872189
 4.689      -111.55880154
 4.691      -111.55888128
 4.694      -111.55896134
 4.696      -111.55904159
 4.699      -111.55912194
 4.701      -111.55920260
 4.704      -111.55928335
 4.706      -111.55936442
 4.709      -111.55944558
 4.711      -111.55952684
 4.714      -111.55960861
 4.716      -111.55969017
 4.719      -111.55977214
 4.721      -111.55985421
 4.724      -111.55993648
 4.726      -111.56001896
 4.729      -111.56010153
 4.731      -111.56018441
 4.734      -111.56026729
 4.736      -111.56035036
 4.739      -111.56043374
 4.741      -111.56051712
 4.744      -111.56060071
 4.746      -111.56068438
 4.749      -111.56076837
 4.751      -111.56085246
 4.754      -111.56093685
 4.756      -111.56102114
 4.759      -111.56110572
 4.761      -111.56119041
 4.764      -111.56127530
 4.766      -111.56136040
 4.769      -111.56144539
 4.771      -111.56153079
 4.774      -111.56161629
 4.776      -111.56170178
 4.779      -111.56178758
 4.781      -111.56187338
 4.784      -111.56195938
 4.786      -111.56204558
 4.789      -111.56213178
 4.791      -111.56221818
 4.794      -111.56230489
 4.796      -111.56239139
 4.799      -111.56247819
 4.801      -111.56256520
 4.804      -111.56265220
 4.806      -111.56273941
 4.809      -111.56282661
 4.811      -111.56291413
 4.814      -111.56300163
 4.816      -111.56308934
 4.819      -111.56317705
 4.821      -111.56326486
 4.824      -111.56335286
 4.826      -111.56344097
 4.829      -111.56352919
 4.831      -111.56361760
 4.834      -111.56370600
 4.836      -111.56379452
 4.839      -111.56388323
 4.841      -111.56397184
 4.844      -111.56406076
 4.846      -111.56414977
 4.849      -111.56423878
 4.851      -111.56432789
 4.854      -111.56441721
 4.856      -111.56450641
 4.859      -111.56459593
 4.861      -111.56468534
 4.864      -111.56477495
 4.866      -111.56486467
 4.869      -111.56495438
 4.871      -111.56504419
 4.874      -111.56513410
 4.876      -111.56522411
 4.879      -111.56531433
 4.881      -111.56540454
 4.884      -111.56549475
 4.886      -111.56558506
 4.889      -111.56567548
 4.891      -111.56576589
 4.894      -111.56585650
 4.896      -111.56594711
 4.899      -111.56603782
 4.901      -111.56612853
 4.904      -111.56621934
 4.906      -111.56631025
 4.909      -111.56640115
 4.911      -111.56649216
 4.914      -111.56658328
 4.916      -111.56667449
 4.919      -111.56676559
 4.921      -111.56685679
 4.924      -111.56694821
 4.926      -111.56703961
 4.929      -111.56713092
 4.931      -111.56722242
 4.934      -111.56731393
 4.936      -111.56740532
 4.939      -111.56749703
 4.941      -111.56758873
 4.944      -111.56768043
 4.946      -111.56777203
 4.949      -111.56786393
 4.951      -111.56795583
 4.954      -111.56804763
 4.956      -111.56813952
 4.959      -111.56823142
 4.961      -111.56832342
 4.964      -111.56841541
 4.966      -111.56850740
 4.969      -111.56859950
 4.971      -111.56869159
 4.974      -111.56878378
 4.976      -111.56887587
 4.979      -111.56896807
 4.981      -111.56906036
 4.984      -111.56915264
 4.986      -111.56924473
 4.989      -111.56933691
 4.991      -111.56942929
 4.994      -111.56952158
 4.996      -111.56961396
 4.999      -111.56970644
 5.001      -111.56979872
 5.004      -111.56989110
 5.006      -111.56998348
 5.009      -111.57007586
 5.011      -111.57016833
 5.014      -111.57026070
 5.016      -111.57035317
 5.019      -111.57044555
 5.021      -111.57053812
 5.024      -111.57063049
 5.026      -111.57072295
 5.029      -111.57081542
 5.031      -111.57090779
 5.034      -111.57100035
 5.036      -111.57109282
 5.039      -111.57118528
 5.041      -111.57127763
 5.044      -111.57137019
 5.046      -111.57146265
 5.049      -111.57155500
 5.051      -111.57164746
 5.054      -111.57173991
 5.056      -111.57183217
 5.059      -111.57192461
 5.061      -111.57201716
 5.064      -111.57210951
 5.066      -111.57220175
 5.069      -111.57229420
 5.071      -111.57238644
 5.074      -111.57247878
 5.076      -111.57257102
 5.079      -111.57266346
 5.081      -111.57275570
 5.084      -111.57284783
 5.086      -111.57294016
 5.089      -111.57303219
 5.091      -111.57312442
 5.094      -111.57321654
 5.096      -111.57330877
 5.099      -111.57340070
 5.101      -111.57349282
 5.104      -111.57358484
 5.106      -111.57367686
 5.109      -111.57376878
 5.111      -111.57386080
 5.114      -111.57395261
 5.116      -111.57404462
 5.119      -111.57413633
 5.121      -111.57422824
 5.124      -111.57431984
 5.126      -111.57441155
 5.129      -111.57450325
 5.131      -111.57459495
 5.134      -111.57468645
 5.136      -111.57477805
 5.139      -111.57486945
 5.141      -111.57496094
 5.144      -111.57505253
 5.146      -111.57514382
 5.149      -111.57523511
 5.151      -111.57532640
 5.154      -111.57541778
 5.156      -111.57550876
 5.159      -111.57559994
 5.161      -111.57569122
 5.164      -111.57578220
 5.166      -111.57587307
 5.169      -111.57596405
 5.171      -111.57605492
 5.174      -111.57614569
 5.176      -111.57623645
 5.179      -111.57632721
 5.181      -111.57641788
 5.184      -111.57650844
 5.186      -111.57659900
 5.189      -111.57668945
 5.191      -111.57677981
 5.194      -111.57687026
 5.196      -111.57696041
 5.199      -111.57705066
 5.201      -111.57714080
 5.204      -111.57723105
 5.206      -111.57732089
 5.209      -111.57741093
 5.211      -111.57750077
 5.214      -111.57759070
 5.216      -111.57768044
 5.219      -111.57777017
 5.221      -111.57785980
 5.224      -111.57794932
 5.226      -111.57803875
 5.229      -111.57812807
 5.231      -111.57821740
 5.234      -111.57830682
 5.236      -111.57839593
 5.239      -111.57848495
 5.241      -111.57857405
 5.244      -111.57866296
 5.246      -111.57875197
 5.249      -111.57884068
 5.251      -111.57892938
 5.254      -111.57901808
 5.256      -111.57910668
 5.259      -111.57919518
 5.261      -111.57928347
 5.264      -111.57937197
 5.266      -111.57946015
 5.269      -111.57954824
 5.271      -111.57963633
 5.274      -111.57972421
 5.276      -111.57981230
 5.279      -111.57990007
 5.281      -111.57998775
 5.284      -111.58007522
 5.286      -111.58016289
 5.289      -111.58025047
 5.291      -111.58033783
 5.294      -111.58042500
 5.296      -111.58051226
 5.299      -111.58059942
 5.301      -111.58068648
 5.304      -111.58077324
 5.306      -111.58086018
 5.309      -111.58094694
 5.311      -111.58103348
 5.314      -111.58112013
 5.316      -111.58120648
 5.319      -111.58129282
 5.321      -111.58137926
 5.324      -111.58146540
 5.326      -111.58155154
 5.329      -111.58163747
 5.331      -111.58172320
 5.334      -111.58180902
 5.336      -111.58189475
 5.339      -111.58198038
 5.341      -111.58206590
 5.344      -111.58215121
 5.346      -111.58223653
 5.349      -111.58232164
 5.351      -111.58240686
 5.354      -111.58249177
 5.356      -111.58257668
 5.359      -111.58266148
 5.361      -111.58274608
 5.364      -111.58283068
 5.366      -111.58291518
 5.369      -111.58299958
 5.371      -111.58308367
 5.374      -111.58316796
 5.376      -111.58325205
 5.379      -111.58333594
 5.381      -111.58341972
 5.384      -111.58350340
 5.386      -111.58358728
 5.389      -111.58367066
 5.391      -111.58375414
 5.394      -111.58383741
 5.396      -111.58392058
 5.399      -111.58400364
 5.401      -111.58408661
 5.404      -111.58416957
 5.406      -111.58425223
 5.409      -111.58433499
 5.411      -111.58441745
 5.414      -111.58449990
 5.416      -111.58458215
 5.419      -111.58466430
 5.421      -111.58474645
 5.424      -111.58482839
 5.426      -111.58491024
 5.429      -111.58499198
 5.431      -111.58507361
 5.434      -111.58515525
 5.436      -111.58523668
 5.439      -111.58531781
 5.441      -111.58539894
 5.444      -111.58548007
 5.446      -111.58556099
 5.449      -111.58564181
 5.451      -111.58572263
 5.454      -111.58580314
 5.456      -111.58588366
 5.459      -111.58596417
 5.461      -111.58604428
 5.464      -111.58612439
 5.466      -111.58620440
 5.469      -111.58628430
 5.471      -111.58636410
 5.474      -111.58644380
 5.476      -111.58652329
 5.479      -111.58660268
 5.481      -111.58668197
 5.484      -111.58676127
 5.486      -111.58684025
 5.489      -111.58691934
 5.491      -111.58699811
 5.494      -111.58707690
 5.496      -111.58715537
 5.499      -111.58723385
 5.501      -111.58731222
 5.504      -111.58739049
 5.506      -111.58746856
 5.509      -111.58754653
 5.511      -111.58762439
 5.514      -111.58770215
 5.516      -111.58777981
 5.519      -111.58785717
 5.521      -111.58793462
 5.524      -111.58801188
 5.526      -111.58808903
 5.529      -111.58816597
 5.531      -111.58824281
 5.534      -111.58831956
 5.536      -111.58839620
 5.539      -111.58847284
 5.541      -111.58854928
 5.544      -111.58862551
 5.546      -111.58870164
 5.549      -111.58877777
 5.551      -111.58885360
 5.554      -111.58892953
 5.556      -111.58900505
 5.559      -111.58908057
 5.561      -111.58915599
 5.564      -111.58923141
 5.566      -111.58930653
 5.569      -111.58938143
 5.571      -111.58945645
 5.574      -111.58953136
 5.576      -111.58960596
 5.579      -111.58968036
 5.581      -111.58975487
 5.584      -111.58982927
 5.586      -111.58990346
 5.589      -111.58997746
 5.591      -111.59005145
 5.594      -111.59012524
 5.596      -111.59019883
 5.599      -111.59027241
 5.601      -111.59034580
 5.604      -111.59041918
 5.606      -111.59049236
 5.609      -111.59056554
 5.611      -111.59063841
 5.614      -111.59071109
 5.616      -111.59078376
 5.619      -111.59085643
 5.621      -111.59092899
 5.624      -111.59100116
 5.626      -111.59107333
 5.629      -111.59114549
 5.631      -111.59121755
 5.634      -111.59128931
 5.636      -111.59136096
 5.639      -111.59143241
 5.641      -111.59150386
 5.644      -111.59157531
 5.646      -111.59164635
 5.649      -111.59171760
 5.651      -111.59178855
 5.654      -111.59185928
 5.656      -111.59193003
 5.659      -111.59200056
 5.661      -111.59207109
 5.664      -111.59214143
 5.666      -111.59221155
 5.669      -111.59228169
 5.671      -111.59235161
 5.674      -111.59242144
 5.676      -111.59249116
 5.679      -111.59256067
 5.681      -111.59263019
 5.684      -111.59269961
 5.686      -111.59276872
 5.689      -111.59283803
 5.691      -111.59290695
 5.694      -111.59297576
 5.696      -111.59304446
 5.699      -111.59311297
 5.701      -111.59318157
 5.704      -111.59324997
 5.706      -111.59331817
 5.709      -111.59338637
 5.711      -111.59345426
 5.714      -111.59352215
 5.716      -111.59358984
 5.719      -111.59365753
 5.721      -111.59372512
 5.724      -111.59379240
 5.726      -111.59385979
 5.729      -111.59392687
 5.731      -111.59399385
 5.734      -111.59406073
 5.736      -111.59412760
 5.739      -111.59419428
 5.741      -111.59426085
 5.744      -111.59432732
 5.746      -111.59439359
 5.749      -111.59445975
 5.751      -111.59452592
 5.754      -111.59459178
 5.756      -111.59465754
 5.759      -111.59472320
 5.761      -111.59478886
 5.764      -111.59485442
 5.766      -111.59491967
 5.769      -111.59498492
 5.771      -111.59504997
 5.774      -111.59511502
 5.776      -111.59517997
 5.779      -111.59524471
 5.781      -111.59530936
 5.784      -111.59537380
 5.786      -111.59543824
 5.789      -111.59550257
 5.791      -111.59556681
 5.794      -111.59563084
 5.796      -111.59569468
 5.799      -111.59575851
 5.801      -111.59582213
 5.804      -111.59588586
 5.806      -111.59594939
 5.809      -111.59601261
 5.811      -111.59607583
 5.814      -111.59613905
 5.816      -111.59620217
 5.819      -111.59626499
 5.821      -111.59632780
 5.824      -111.59639052
 5.826      -111.59645303
 5.829      -111.59651554
 5.831      -111.59657775
 5.834      -111.59663995
 5.836      -111.59670206
 5.839      -111.59676407
 5.841      -111.59682597
 5.844      -111.59688777
 5.846      -111.59694936
 5.849      -111.59701106
 5.851      -111.59707246
 5.854      -111.59713375
 5.856      -111.59719505
 5.859      -111.59725614
 5.861      -111.59731712
 5.864      -111.59737802
 5.866      -111.59743870
 5.869      -111.59749948
 5.871      -111.59755997
 5.874      -111.59762035
 5.876      -111.59768073
 5.879      -111.59774100
 5.881      -111.59780108
 5.884      -111.59786116
 5.886      -111.59792103
 5.889      -111.59798080
 5.891      -111.59804037
 5.894      -111.59810014
 5.896      -111.59815951
 5.899      -111.59821908
 5.901      -111.59827814
 5.904      -111.59833741
 5.906      -111.59839647
 5.909      -111.59845533
 5.911      -111.59851418
 5.914      -111.59857284
 5.916      -111.59863149
 5.919      -111.59869015
 5.921      -111.59874850
 5.924      -111.59880675
 5.926      -111.59886500
 5.929      -111.59892315
 5.931      -111.59898120
 5.934      -111.59903914
 5.936      -111.59909689
 5.939      -111.59915453
 5.941      -111.59921207
 5.944      -111.59926970
 5.946      -111.59932695
 5.949      -111.59938438
 5.951      -111.59944162
 5.954      -111.59949865
 5.956      -111.59955569
 5.959      -111.59961251
 5.961      -111.59966935
 5.964      -111.59972607
 5.966      -111.59978270
 5.969      -111.59983912
 5.971      -111.59989565
 5.974      -111.59995187
 5.976      -111.60000800
 5.979      -111.60006421
 5.981      -111.60012023
 5.984      -111.60017605
 5.986      -111.60023197
 5.989      -111.60028768
 5.991      -111.60034330
 5.994      -111.60039881
 5.996      -111.60045432
 5.999      -111.60050963
 6.001      -111.60056494
 6.004      -111.60062005
 6.006      -111.60067515
 6.009      -111.60072995
 6.011      -111.60078496
 6.014      -111.60083976
 6.016      -111.60089436
 6.019      -111.60094906
 6.021      -111.60100346
 6.024      -111.60105795
 6.026      -111.60111225
 6.029      -111.60116645
 6.031      -111.60122064
 6.034      -111.60127463
 6.036      -111.60132862
 6.039      -111.60138241
 6.041      -111.60143620
 6.044      -111.60148999
 6.046      -111.60154347
 6.049      -111.60159706
 6.051      -111.60165044
 6.054      -111.60170392
 6.056      -111.60175711
 6.059      -111.60181028
 6.061      -111.60186336
 6.064      -111.60191634
 6.066      -111.60196922
 6.069      -111.60202199
 6.071      -111.60207477
 6.074      -111.60212744
 6.076      -111.60218001
 6.079      -111.60223238
 6.081      -111.60228485
 6.084      -111.60233712
 6.086      -111.60238949
 6.089      -111.60244155
 6.091      -111.60249352
 6.094      -111.60254558
 6.096      -111.60259745
 6.099      -111.60264931
 6.101      -111.60270097
 6.104      -111.60275263
 6.106      -111.60280419
 6.109      -111.60285575
 6.111      -111.60290710
 6.114      -111.60295846
 6.116      -111.60300971
 6.119      -111.60306076
 6.121      -111.60311192
 6.124      -111.60316297
 6.126      -111.60321382
 6.129      -111.60326466
 6.131      -111.60331541
 6.134      -111.60336616
 6.136      -111.60341681
 6.139      -111.60346735
 6.141      -111.60351779
 6.144      -111.60356814
 6.146      -111.60361848
 6.149      -111.60366882
 6.151      -111.60371896
 6.154      -111.60376890
 6.156      -111.60381904
 6.159      -111.60386887
 6.161      -111.60391891
 6.164      -111.60396854
 6.166      -111.60401828
 6.169      -111.60406781
 6.171      -111.60411754
 6.174      -111.60416697
 6.176      -111.60421640
 6.179      -111.60426573
 6.181      -111.60431495
 6.184      -111.60436408
 6.186      -111.60441341
 6.189      -111.60446243
 6.191      -111.60451135
 6.194      -111.60456028
 6.196      -111.60460930
 6.199      -111.60465802
 6.201      -111.60470664
 6.204      -111.60475536
 6.206      -111.60480388
 6.209      -111.60485250
 6.211      -111.60490082
 6.214      -111.60494933
 6.216      -111.60499755
 6.219      -111.60504576
 6.221      -111.60509387
 6.224      -111.60514198
 6.226      -111.60519010
 6.229      -111.60523810
 6.231      -111.60528591
 6.234      -111.60533382
 6.236      -111.60538163
 6.239      -111.60542924
 6.241      -111.60547694
 6.244      -111.60552455
 6.246      -111.60557195
 6.249      -111.60561945
 6.251      -111.60566686
 6.254      -111.60571416
 6.256      -111.60576156
 6.259      -111.60580856
 6.261      -111.60585576
 6.264      -111.60590286
 6.266      -111.60594985
 6.269      -111.60599695
 6.271      -111.60604375
 6.274      -111.60609054
 6.276      -111.60613733
 6.279      -111.60618403
 6.281      -111.60623062
 6.284      -111.60627721
 6.286      -111.60632370
 6.289      -111.60637029
 6.291      -111.60641668
 6.294      -111.60646297
 6.296      -111.60650925
 6.299      -111.60655564
 6.301      -111.60660173
 6.304      -111.60664791
 6.306      -111.60669380
 6.309      -111.60673988
 6.311      -111.60678586
 6.314      -111.60683175
 6.316      -111.60687753
 6.319      -111.60692331
 6.321      -111.60696909
 6.324      -111.60701476
 6.326      -111.60706024
 6.329      -111.60710592
 6.331      -111.60715140
 6.334      -111.60719677
 6.336      -111.60724215
 6.339      -111.60728752
 6.341      -111.60733289
 6.344      -111.60737807
 6.346      -111.60742324
 6.349      -111.60746831
 6.351      -111.60751338
 6.354      -111.60755845
 6.356      -111.60760342
 6.359      -111.60764839
 6.361      -111.60769316
 6.364      -111.60773802
 6.366      -111.60778269
 6.369      -111.60782756
 6.371      -111.60787212
 6.374      -111.60791678
 6.376      -111.60796125
 6.379      -111.60800571
 6.381      -111.60805027
 6.384      -111.60809463
 6.386      -111.60813899
 6.389      -111.60818336
 6.391      -111.60822751
 6.394      -111.60827177
 6.396      -111.60831603
 6.399      -111.60836009
 6.401      -111.60840415
 6.404      -111.60844810
 6.406      -111.60849205
 6.409      -111.60853601
 6.411      -111.60857996
 6.414      -111.60862372
 6.416      -111.60866757
 6.419      -111.60871122
 6.421      -111.60875487
 6.424      -111.60879852
 6.426      -111.60884197
 6.429      -111.60888562
 6.431      -111.60892907
 6.434      -111.60897262
 6.436      -111.60901596
 6.439      -111.60905931
 6.441      -111.60910266
 6.444      -111.60914590
 6.446      -111.60918925
 6.449      -111.60923239
 6.451      -111.60927544
 6.454      -111.60931858
 6.456      -111.60936162
 6.459      -111.60940466
 6.461      -111.60944760
 6.464      -111.60949044
 6.466      -111.60953328
 6.469      -111.60957622
 6.471      -111.60961896
 6.474      -111.60966170
 6.476      -111.60970453
 6.479      -111.60974707
 6.481      -111.60978981
 6.484      -111.60983224
 6.486      -111.60987488
 6.489      -111.60991741
 6.491      -111.60995985
 6.494      -111.61000218
 6.496      -111.61004471
 6.499      -111.61008694
 6.501      -111.61012917
 6.504      -111.61017140
 6.506      -111.61021363
 6.509      -111.61025586
 6.511      -111.61029789
 6.514      -111.61034002
 6.516      -111.61038205
 6.519      -111.61042417
 6.521      -111.61046600
 6.524      -111.61050803
 6.526      -111.61054985
 6.529      -111.61059167
 6.531      -111.61063350
 6.534      -111.61067532
 6.536      -111.61071694
 6.539      -111.61075877
 6.541      -111.61080049
 6.544      -111.61084201
 6.546      -111.61088353
 6.549      -111.61092505
 6.551      -111.61096657
 6.554      -111.61100809
 6.556      -111.61104941
 6.559      -111.61109082
 6.561      -111.61113224
 6.564      -111.61117356
 6.566      -111.61121488
 6.569      -111.61125599
 6.571      -111.61129721
 6.574      -111.61133842
 6.576      -111.61137953
 6.579      -111.61142065
 6.581      -111.61146166
 6.584      -111.61150267
 6.586      -111.61154359
 6.589      -111.61158460
 6.591      -111.61162551
 6.594      -111.61166632
 6.596      -111.61170713
 6.599      -111.61174814
 6.601      -111.61178885
 6.604      -111.61182945
 6.606      -111.61187016
 6.609      -111.61191087
 6.611      -111.61195158
 6.614      -111.61199208
 6.616      -111.61203259
 6.619      -111.61207309
 6.621      -111.61211370
 6.624      -111.61215400
 6.626      -111.61219451
 6.629      -111.61223491
 6.631      -111.61227521
 6.634      -111.61231551
 6.636      -111.61235581
 6.639      -111.61239591
 6.641      -111.61243631
 6.644      -111.61247631
 6.646      -111.61251661
 6.649      -111.61255661
 6.651      -111.61259661
 6.654      -111.61263671
 6.656      -111.61267670
 6.659      -111.61271660
 6.661      -111.61275660
 6.664      -111.61279649
 6.666      -111.61283629
 6.669      -111.61287618
 6.671      -111.61291598
 6.674      -111.61295577
 6.676      -111.61299536
 6.679      -111.61303506
 6.681      -111.61307485
 6.684      -111.61311434
 6.686      -111.61315403
 6.689      -111.61319362
 6.691      -111.61323301
 6.694      -111.61327260
 6.696      -111.61331199
 6.699      -111.61335148
 6.701      -111.61339087
 6.704      -111.61343026
 6.706      -111.61346954
 6.709      -111.61350873
 6.711      -111.61354812
 6.714      -111.61358730
 6.716      -111.61362659
 6.719      -111.61366567
 6.721      -111.61370476
 6.724      -111.61374374
 6.726      -111.61378292
 6.729      -111.61382191
 6.731      -111.61386089
 6.734      -111.61389977
 6.736      -111.61393885
 6.739      -111.61397763
 6.741      -111.61401662
 6.744      -111.61405540
 6.746      -111.61409418
 6.749      -111.61413285
 6.751      -111.61417173
 6.754      -111.61421031
 6.756      -111.61424899
 6.759      -111.61428766
 6.761      -111.61432624
 6.764      -111.61436482
 6.766      -111.61440329
 6.769      -111.61444187
 6.771      -111.61448034
 6.774      -111.61451872
 6.776      -111.61455699
 6.779      -111.61459547
 6.781      -111.61463384
 6.784      -111.61467201
 6.786      -111.61471038
 6.789      -111.61474846
 6.791      -111.61478683
 6.794      -111.61482490
 6.796      -111.61486317
 6.799      -111.61490114
 6.801      -111.61493921
 6.804      -111.61497728
 6.806      -111.61501535
 6.809      -111.61505321
 6.811      -111.61509118
 6.814      -111.61512895
 6.816      -111.61516691
 6.819      -111.61520478
 6.821      -111.61524255
 6.824      -111.61528031
 6.826      -111.61531787
 6.829      -111.61535574
 6.831      -111.61539340
 6.834      -111.61543107
 6.836      -111.61546863
 6.839      -111.61550609
 6.841      -111.61554366
 6.844      -111.61558122
 6.846      -111.61561858
 6.849      -111.61565604
 6.851      -111.61569340
 6.854      -111.61573086
 6.856      -111.61576812
 6.859      -111.61580538
 6.861      -111.61584264
 6.864      -111.61587989
 6.866      -111.61591705
 6.869      -111.61595421
 6.871      -111.61599137
 6.874      -111.61602842
 6.876      -111.61606538
 6.879      -111.61610244
 6.881      -111.61613949
 6.884      -111.61617644
 6.886      -111.61621340
 6.889      -111.61625025
 6.891      -111.61628701
 6.894      -111.61632386
 6.896      -111.61636051
 6.899      -111.61639736
 6.901      -111.61643411
 6.904      -111.61647077
 6.906      -111.61650732
 6.909      -111.61654386
 6.911      -111.61658051
 6.914      -111.61661697
 6.916      -111.61665351
 6.919      -111.61669006
 6.921      -111.61672641
 6.924      -111.61676266
 6.926      -111.61679911
 6.929      -111.61683545
 6.931      -111.61687150
 6.934      -111.61690784
 6.936      -111.61694409
 6.939      -111.61698023
 6.941      -111.61701618
 6.944      -111.61705242
 6.946      -111.61708846
 6.949      -111.61712441
 6.951      -111.61716045
 6.954      -111.61719639
 6.956      -111.61723223
 6.959      -111.61726818
 6.961      -111.61730392
 6.964      -111.61733966
 6.966      -111.61737540
 6.969      -111.61741114
 6.971      -111.61744668
 6.974      -111.61748252
 6.976      -111.61751806
 6.979      -111.61755359
 6.981      -111.61758913
 6.984      -111.61762467
 6.986      -111.61766001
 6.989      -111.61769554
 6.991      -111.61773078
 6.994      -111.61776611
 6.996      -111.61780145
 6.999      -111.61783668
 7.001      -111.61787202
 7.004      -111.61790705
 7.006      -111.61794219
 7.009      -111.61797722
 7.011      -111.61801235
 7.014      -111.61804748
 7.016      -111.61808242
 7.019      -111.61811725
 7.021      -111.61815218
 7.024      -111.61818701
 7.026      -111.61822184
 7.029      -111.61825667
 7.031      -111.61829130
 7.034      -111.61832603
 7.036      -111.61836065
 7.039      -111.61839528
 7.041      -111.61842981
 7.044      -111.61846434
 7.046      -111.61849877
 7.049      -111.61853329
 7.051      -111.61856772
 7.054      -111.61860194
 7.056      -111.61863637
 7.059      -111.61867070
 7.061      -111.61870492
 7.064      -111.61873904
 7.066      -111.61877326
 7.069      -111.61880729
 7.071      -111.61884141
 7.074      -111.61887543
 7.076      -111.61890936
 7.079      -111.61894338
 7.081      -111.61897710
 7.084      -111.61901092
 7.086      -111.61904484
 7.089      -111.61907856
 7.091      -111.61911228
 7.094      -111.61914590
 7.096      -111.61917951
 7.099      -111.61921324
 7.101      -111.61924675
 7.104      -111.61928017
 7.106      -111.61931379
 7.109      -111.61934700
 7.111      -111.61938042
 7.114      -111.61941373
 7.116      -111.61944695
 7.119      -111.61948017
 7.121      -111.61951338
 7.124      -111.61954640
 7.126      -111.61957961
 7.129      -111.61961262
 7.131      -111.61964563
 7.134      -111.61967865
 7.136      -111.61971146
 7.139      -111.61974427
 7.141      -111.61977708
 7.144      -111.61980979
 7.146      -111.61984260
 7.149      -111.61987532
 7.151      -111.61990782
 7.154      -111.61994043
 7.156      -111.61997295
 7.159      -111.62000535
 7.161      -111.62003776
 7.164      -111.62007017
 7.166      -111.62010248
 7.169      -111.62013478
 7.171      -111.62016699
 7.174      -111.62019920
 7.176      -111.62023140
 7.179      -111.62026341
 7.181      -111.62029541
 7.184      -111.62032742
 7.186      -111.62035932
 7.189      -111.62039133
 7.191      -111.62042313
 7.194      -111.62045483
 7.196      -111.62048654
 7.199      -111.62051824
 7.201      -111.62054984
 7.204      -111.62058144
 7.206      -111.62061294
 7.209      -111.62064454
 7.211      -111.62067584
 7.214      -111.62070724
 7.216      -111.62073854
 7.219      -111.62076984
 7.221      -111.62080104
 7.224      -111.62083224
 7.226      -111.62086344
 7.229      -111.62089444
 7.231      -111.62092533
 7.234      -111.62095643
 7.236      -111.62098723
 7.239      -111.62101812
 7.241      -111.62104882
 7.244      -111.62107972
 7.246      -111.62111041
 7.249      -111.62114111
 7.251      -111.62117160
 7.254      -111.62120209
 7.256      -111.62123249
 7.259      -111.62126298
 7.261      -111.62129337
 7.264      -111.62132367
 7.266      -111.62135386
 7.269      -111.62138415
 7.271      -111.62141424
 7.274      -111.62144443
 7.276      -111.62147432
 7.279      -111.62150432
 7.281      -111.62153420
 7.284      -111.62156420
 7.286      -111.62159388
 7.289      -111.62162367
 7.291      -111.62165336
 7.294      -111.62168305
 7.296      -111.62171254
 7.299      -111.62174203
 7.301      -111.62177161
 7.304      -111.62180090
 7.306      -111.62183018
 7.309      -111.62185967
 7.311      -111.62188875
 7.314      -111.62191794
 7.316      -111.62194713
 7.319      -111.62197621
 7.321      -111.62200520
 7.324      -111.62203418
 7.326      -111.62206306
 7.329      -111.62209174
 7.331      -111.62212063
 7.334      -111.62214931
 7.336      -111.62217799
 7.339      -111.62220647
 7.341      -111.62223506
 7.344      -111.62226344
 7.346      -111.62229192
 7.349      -111.62232030
 7.351      -111.62234848
 7.354      -111.62237666
 7.356      -111.62240484
 7.359      -111.62243291
 7.361      -111.62246099
 7.364      -111.62248897
 7.366      -111.62251685
 7.369      -111.62254473
 7.371      -111.62257260
 7.374      -111.62260028
 7.376      -111.62262796
 7.379      -111.62265543
 7.381      -111.62268291
 7.384      -111.62271048
 7.386      -111.62273786
 7.389      -111.62276523
 7.391      -111.62279261
 7.394      -111.62281978
 7.396      -111.62284685
 7.399      -111.62287403
 7.401      -111.62290110
 7.404      -111.62292798
 7.406      -111.62295485
 7.409      -111.62298162
 7.411      -111.62300849
 7.414      -111.62303516
 7.416      -111.62306183
 7.419      -111.62308850
 7.421      -111.62311477
 7.424      -111.62314134
 7.426      -111.62316771
 7.429      -111.62319408
 7.431      -111.62322015
 7.434      -111.62324642
 7.436      -111.62327249
 7.439      -111.62329866
 7.441      -111.62332462
 7.444      -111.62335049
 7.446      -111.62337636
 7.449      -111.62340212
 7.451      -111.62342789
 7.454      -111.62345356
 7.456      -111.62347892
 7.459      -111.62350449
 7.461      -111.62352985
 7.464      -111.62355522
 7.466      -111.62358058
 7.469      -111.62360585
 7.471      -111.62363101
 7.474      -111.62365607
 7.476      -111.62368114
 7.479      -111.62370610
 7.481      -111.62373096
 7.484      -111.62375572
 7.486      -111.62378049
 7.489      -111.62380515
 7.491      -111.62382971
 7.494      -111.62385427
 7.496      -111.62387873
 7.499      -111.62390309
 7.501      -111.62392745
 7.504      -111.62395181
 7.506      -111.62397597
 7.509      -111.62399993
 7.511      -111.62402399
 7.514      -111.62404805
 7.516      -111.62407190
 7.519      -111.62409576
 7.521      -111.62411942
 7.524      -111.62414308
 7.526      -111.62416674
 7.529      -111.62419029
 7.531      -111.62421375
 7.534      -111.62423711
 7.536      -111.62426046
 7.539      -111.62428382
 7.541      -111.62430687
 7.544      -111.62433003
 7.546      -111.62435308
 7.549      -111.62437584
 7.551      -111.62439889
 7.554      -111.62442164
 7.556      -111.62444440
