 1.606      -111.17603781
 1.609      -111.18127902
 1.611      -111.18649193
 1.614      -111.19167616
 1.616      -111.19683077
 1.619      -111.20195528
 1.621      -111.20704897
 1.624      -111.21211185
 1.626      -111.21714266
 1.629      -111.22214158
 1.631      -111.22710784
 1.634      -111.23204102
 1.636      -111.23694094
 1.639      -111.24180700
 1.641      -111.24663885
 1.644      -111.25143649
 1.646      -111.25619914
 1.649      -111.26092710
 1.651      -111.26561959
 1.654      -111.27027689
 1.656      -111.27489822
 1.659      -111.27948387
 1.661      -111.28403329
 1.664      -111.28854688
 1.666      -111.29302396
 1.669      -111.29746463
 1.671      -111.30186896
 1.674      -111.30623652
 1.676      -111.31056764
 1.679      -111.31486191
 1.681      -111.31911956
 1.684      -111.32334055
 1.686      -111.32752501
 1.689      -111.33167233
 1.691      -111.33578338
 1.694      -111.33985778
 1.696      -111.34389528
 1.699      -111.34789671
 1.701      -111.35186141
 1.704      -111.35578983
 1.706      -111.35968198
 1.709      -111.36353810
 1.711      -111.36735820
 1.714      -111.37114205
 1.716      -111.37489067
 1.719      -111.37860342
 1.721      -111.38228046
 1.724      -111.38592239
 1.726      -111.38952925
 1.729      -111.39310103
 1.731      -111.39663796
 1.734      -111.40014001
 1.736      -111.40360789
 1.739      -111.40704157
 1.741      -111.41044109
 1.744      -111.41380681
 1.746      -111.41713877
 1.749      -111.42043750
 1.751      -111.42370274
 1.754      -111.42693515
 1.756      -111.43013446
 1.759      -111.43330156
 1.761      -111.43643611
 1.764      -111.43953883
 1.766      -111.44260924
 1.769      -111.44564833
 1.771      -111.44865604
 1.774      -111.45163246
 1.776      -111.45457800
 1.779      -111.45749273
 1.781      -111.46037715
 1.784      -111.46323137
 1.786      -111.46605547
 1.789      -111.46885006
 1.791      -111.47161521
 1.794      -111.47435095
 1.796      -111.47705780
 1.799      -111.47973593
 1.801      -111.48238539
 1.804      -111.48500692
 1.806      -111.48760040
 1.809      -111.49016600
 1.811      -111.49270423
 1.814      -111.49521520
 1.816      -111.49769907
 1.819      -111.50015618
 1.821      -111.50258692
 1.824      -111.50499125
 1.826      -111.50736954
 1.829      -111.50972207
 1.831      -111.51204901
 1.834      -111.51435076
 1.836      -111.51662706
 1.839      -111.51887882
 1.841      -111.52110610
 1.844      -111.52330870
 1.846      -111.52548719
 1.849      -111.52764196
 1.851      -111.52977299
 1.854      -111.53188026
 1.856      -111.53396468
 1.859      -111.53602593
 1.861      -111.53806438
 1.864      -111.54008013
 1.866      -111.54207379
 1.869      -111.54404512
 1.871      -111.54599464
 1.874      -111.54792244
 1.876      -111.54982858
 1.879      -111.55171359
 1.881      -111.55357756
 1.884      -111.55542067
 1.886      -111.55724293
 1.889      -111.55904493
 1.891      -111.56082647
 1.894      -111.56258816
 1.896      -111.56432987
 1.899      -111.56605180
 1.901      -111.56775448
 1.904      -111.56943779
 1.906      -111.57110182
 1.909      -111.57274709
 1.911      -111.57437379
 1.914      -111.57598181
 1.916      -111.57757149
 1.919      -111.57914307
 1.921      -111.58069660
 1.924      -111.58223206
 1.926      -111.58375016
 1.929      -111.58525080
 1.931      -111.58673399
 1.934      -111.58820022
 1.936      -111.58964938
 1.939      -111.59108180
 1.941      -111.59249749
 1.944      -111.59389681
 1.946      -111.59527970
 1.949      -111.59664657
 1.951      -111.59799728
 1.954      -111.59933247
 1.956      -111.60065173
 1.959      -111.60195557
 1.961      -111.60324379
 1.964      -111.60451709
 1.966      -111.60577509
 1.969      -111.60701827
 1.971      -111.60824666
 1.974      -111.60946034
 1.976      -111.61065953
 1.979      -111.61184433
 1.981      -111.61301494
 1.984      -111.61417137
 1.986      -111.61531403
 1.989      -111.61644261
 1.991      -111.61755762
 1.994      -111.61865917
 1.996      -111.61974706
 1.999      -111.62082179
 2.001      -111.62188328
 2.004      -111.62293181
 2.006      -111.62396731
 2.009      -111.62498996
 2.011      -111.62599999
 2.014      -111.62699759
 2.016      -111.62798246
 2.019      -111.62895511
 2.021      -111.62991554
 2.024      -111.63086386
 2.026      -111.63180019
 2.029      -111.63272471
 2.031      -111.63363742
 2.034      -111.63453845
 2.036      -111.63542788
 2.039      -111.63630593
 2.041      -111.63717249
 2.044      -111.63802798
 2.046      -111.63887240
 2.049      -111.63970565
 2.051      -111.64052803
 2.054      -111.64133965
 2.056      -111.64214041
 2.059      -111.64293062
 2.061      -111.64371018
 2.064      -111.64447949
 2.066      -111.64523837
 2.069      -111.64598700
 2.071      -111.64672550
 2.074      -111.64745407
 2.076      -111.64817241
 2.079      -111.64888113
 2.081      -111.64957983
 2.084      -111.65026901
 2.086      -111.65094858
 2.089      -111.65161854
 2.091      -111.65227899
 2.094      -111.65293014
 2.096      -111.65357219
 2.099      -111.65420494
 2.101      -111.65482860
 2.104      -111.65544327
 2.106      -111.65604885
 2.109      -111.65664565
 2.111      -111.65723387
 2.114      -111.65781321
 2.116      -111.65838397
 2.119      -111.65894617
 2.121      -111.65949989
 2.124      -111.66004525
 2.126      -111.66058223
 2.129      -111.66111107
 2.131      -111.66163174
 2.134      -111.66214426
 2.136      -111.66264882
 2.139      -111.66314544
 2.141      -111.66363410
 2.144      -111.66411493
 2.146      -111.66458810
 2.149      -111.66505354
 2.151      -111.66551154
 2.154      -111.66596190
 2.156      -111.66640473
 2.159      -111.66684022
 2.161      -111.66726839
 2.164      -111.66768933
 2.166      -111.66810295
 2.169      -111.66850954
 2.171      -111.66890891
 2.174      -111.66930136
 2.176      -111.66968689
 2.179      -111.67006552
 2.181      -111.67043742
 2.184      -111.67080232
 2.186      -111.67116071
 2.189      -111.67151238
 2.191      -111.67185756
 2.194      -111.67219603
 2.196      -111.67252820
 2.199      -111.67285386
 2.201      -111.67317323
 2.204      -111.67348630
 2.206      -111.67379307
 2.209      -111.67409376
 2.211      -111.67438835
 2.214      -111.67467665
 2.216      -111.67495915
 2.219      -111.67523567
 2.221      -111.67550610
 2.224      -111.67577085
 2.226      -111.67602972
 2.229      -111.67628290
 2.231      -111.67653039
 2.234      -111.67677222
 2.236      -111.67700836
 2.239      -111.67723902
 2.241      -111.67746421
 2.244      -111.67768392
 2.246      -111.67789836
 2.249      -111.67810732
 2.251      -111.67831112
 2.254      -111.67850944
 2.256      -111.67870269
 2.259      -111.67889078
 2.261      -111.67907380
 2.264      -111.67925185
 2.266      -111.67942474
 2.269      -111.67959276
 2.271      -111.67975582
 2.274      -111.67991401
 2.276      -111.68006724
 2.279      -111.68021582
 2.281      -111.68035973
 2.284      -111.68049889
 2.286      -111.68063338
 2.289      -111.68076322
 2.291      -111.68088860
 2.294      -111.68100953
 2.296      -111.68112580
 2.299      -111.68123781
 2.301      -111.68134528
 2.304      -111.68144839
 2.306      -111.68154735
 2.309      -111.68164195
 2.311      -111.68173220
 2.314      -111.68181851
 2.316      -111.68190047
 2.319      -111.68197848
 2.321      -111.68205233
 2.324      -111.68212214
 2.326      -111.68218811
 2.329      -111.68225003
 2.331      -111.68230790
 2.334      -111.68236213
 2.336      -111.68241241
 2.339      -111.68245895
 2.341      -111.68250164
 2.344      -111.68254069
 2.346      -111.68257600
 2.349      -111.68260777
 2.351      -111.68263579
 2.354      -111.68266027
 2.356      -111.68268142
 2.359      -111.68269881
 2.361      -111.68271277
 2.364      -111.68272340
 2.366      -111.68273068
 2.369      -111.68273432
 2.371      -111.68273503
 2.374      -111.68273209
 2.376      -111.68272613
 2.379      -111.68271682
 2.381      -111.68270438
 2.384      -111.68268869
 2.386      -111.68266998
 2.389      -111.68264803
 2.391      -111.68262314
 2.394      -111.68259532
 2.396      -111.68256437
 2.399      -111.68253047
 2.401      -111.68249365
 2.404      -111.68245389
 2.406      -111.68241129
 2.409      -111.68236587
 2.411      -111.68231761
 2.414      -111.68226672
 2.416      -111.68221290
 2.419      -111.68215645
 2.421      -111.68209736
 2.424      -111.68203544
 2.426      -111.68197109
 2.429      -111.68190401
 2.431      -111.68183450
 2.434      -111.68176236
 2.436      -111.68168769
 2.439      -111.68161059
 2.441      -111.68153105
 2.444      -111.68144910
 2.446      -111.68136461
 2.449      -111.68127799
 2.451      -111.68118884
 2.454      -111.68109756
 2.456      -111.68100376
 2.459      -111.68090793
 2.461      -111.68080977
 2.464      -111.68070938
 2.466      -111.68060687
 2.469      -111.68050212
 2.471      -111.68039535
 2.474      -111.68028646
 2.476      -111.68017543
 2.479      -111.68006249
 2.481      -111.67994741
 2.484      -111.67983041
 2.486      -111.67971138
 2.489      -111.67959053
 2.491      -111.67946765
 2.494      -111.67934295
 2.496      -111.67921622
 2.499      -111.67908777
 2.501      -111.67895759
 2.504      -111.67882549
 2.506      -111.67869166
 2.509      -111.67855601
 2.511      -111.67841874
 2.514      -111.67827963
 2.516      -111.67813901
 2.519      -111.67799667
 2.521      -111.67785270
 2.524      -111.67770721
 2.526      -111.67756009
 2.529      -111.67741125
 2.531      -111.67726099
 2.534      -111.67710921
 2.536      -111.67695590
 2.539      -111.67680128
 2.541      -111.67664493
 2.544      -111.67648736
 2.546      -111.67632836
 2.549      -111.67616795
 2.551      -111.67600612
 2.554      -111.67584306
 2.556      -111.67567858
 2.559      -111.67551279
 2.561      -111.67534577
 2.564      -111.67517743
 2.566      -111.67500797
 2.569      -111.67483729
 2.571      -111.67466530
 2.574      -111.67449208
 2.576      -111.67431774
 2.579      -111.67414239
 2.581      -111.67396581
 2.584      -111.67378811
 2.586      -111.67360950
 2.589      -111.67342966
 2.591      -111.67324882
 2.594      -111.67306695
 2.596      -111.67288406
 2.599      -111.67270015
 2.601      -111.67251543
 2.604      -111.67232959
 2.606      -111.67214283
 2.609      -111.67195525
 2.611      -111.67176676
 2.614      -111.67157735
 2.616      -111.67138702
 2.619      -111.67119608
 2.621      -111.67100411
 2.624      -111.67081144
 2.626      -111.67061784
 2.629      -111.67042353
 2.631      -111.67022851
 2.634      -111.67003277
 2.636      -111.66983622
 2.639      -111.66963905
 2.641      -111.66944116
 2.644      -111.66924266
 2.646      -111.66904345
 2.649      -111.66884362
 2.651      -111.66864307
 2.654      -111.66844201
 2.656      -111.66824024
 2.659      -111.66803805
 2.661      -111.66783525
 2.664      -111.66763194
 2.666      -111.66742801
 2.669      -111.66722357
 2.671      -111.66701881
 2.674      -111.66681335
 2.676      -111.66660757
 2.679      -111.66640117
 2.681      -111.66619447
 2.684      -111.66598726
 2.686      -111.66577983
 2.689      -111.66557179
 2.691      -111.66536343
 2.694      -111.66515477
 2.696      -111.66494581
 2.699      -111.66473632
 2.701      -111.66452673
 2.704      -111.66431652
 2.706      -111.66410640
 2.709      -111.66389577
 2.711      -111.66368504
 2.714      -111.66347389
 2.716      -111.66326233
 2.719      -111.66305077
 2.721      -111.66283910
 2.724      -111.66262701
 2.726      -111.66241491
 2.729      -111.66220251
 2.731      -111.66199000
 2.734      -111.66177728
 2.736      -111.66156445
 2.739      -111.66135151
 2.741      -111.66113847
 2.744      -111.66092532
 2.746      -111.66071206
 2.749      -111.66049879
 2.751      -111.66028553
 2.754      -111.66007205
 2.756      -111.65985845
 2.759      -111.65964506
 2.761      -111.65943157
 2.764      -111.65921796
 2.766      -111.65900454
 2.769      -111.65879093
 2.771      -111.65857750
 2.774      -111.65836407
 2.776      -111.65815064
 2.779      -111.65793729
 2.781      -111.65772405
 2.784      -111.65751090
 2.786      -111.65729785
 2.789      -111.65708489
 2.791      -111.65687202
 2.794      -111.65665936
 2.796      -111.65644668
 2.799      -111.65623422
 2.801      -111.65602193
 2.804      -111.65580985
 2.806      -111.65559776
 2.809      -111.65538608
 2.811      -111.65517449
 2.814      -111.65496320
 2.816      -111.65475200
 2.819      -111.65454100
 2.821      -111.65433041
 2.824      -111.65412001
 2.826      -111.65390970
 2.829      -111.65369980
 2.831      -111.65349009
 2.834      -111.65328069
 2.836      -111.65307168
 2.839      -111.65286287
 2.841      -111.65265446
 2.844      -111.65244625
 2.846      -111.65223834
 2.849      -111.65203083
 2.851      -111.65182372
 2.854      -111.65161691
 2.856      -111.65141040
 2.859      -111.65120419
 2.861      -111.65099848
 2.864      -111.65079318
 2.866      -111.65058817
 2.869      -111.65038377
 2.871      -111.65017956
 2.874      -111.64997586
 2.876      -111.64977256
 2.879      -111.64956966
 2.881      -111.64936726
 2.884      -111.64916527
 2.886      -111.64896368
 2.889      -111.64876269
 2.891      -111.64856200
 2.894      -111.64836192
 2.896      -111.64816235
 2.899      -111.64796317
 2.901      -111.64776449
 2.904      -111.64756632
 2.906      -111.64736866
 2.909      -111.64717160
 2.911      -111.64697494
 2.914      -111.64677889
 2.916      -111.64658334
 2.919      -111.64638819
 2.921      -111.64619396
 2.924      -111.64600002
 2.926      -111.64580669
 2.929      -111.64561396
 2.931      -111.64542164
 2.934      -111.64523013
 2.936      -111.64503902
 2.939      -111.64484861
 2.941      -111.64465882
 2.944      -111.64446963
 2.946      -111.64428094
 2.949      -111.64409306
 2.951      -111.64390569
 2.954      -111.64371892
 2.956      -111.64353277
 2.959      -111.64334731
 2.961      -111.64316246
 2.964      -111.64297843
 2.966      -111.64279481
 2.969      -111.64261188
 2.971      -111.64242986
 2.974      -111.64224837
 2.976      -111.64206756
 2.979      -111.64188727
 2.981      -111.64170778
 2.984      -111.64152901
 2.986      -111.64135084
 2.989      -111.64117349
 2.991      -111.64099694
 2.994      -111.64082100
 2.996      -111.64064566
 2.999      -111.64047104
 3.001      -111.64029733
 3.004      -111.64012412
 3.006      -111.63995183
 3.009      -111.63978024
 3.011      -111.63960927
 3.014      -111.63943920
 3.016      -111.63926985
 3.019      -111.63910120
 3.021      -111.63893326
 3.024      -111.63876614
 3.026      -111.63859983
 3.029      -111.63843422
 3.031      -111.63826932
 3.034      -111.63810534
 3.036      -111.63794206
 3.039      -111.63777951
 3.041      -111.63761786
 3.044      -111.63745702
 3.046      -111.63729678
 3.049      -111.63713748
 3.051      -111.63697897
 3.054      -111.63682138
 3.056      -111.63666450
 3.059      -111.63650832
 3.061      -111.63635306
 3.064      -111.63619852
 3.066      -111.63604509
 3.069      -111.63589207
 3.071      -111.63574015
 3.074      -111.63558896
 3.076      -111.63543857
 3.079      -111.63528911
 3.081      -111.63514044
 3.084      -111.63499269
 3.086      -111.63484556
 3.089      -111.63469954
 3.091      -111.63455412
 3.094      -111.63440964
 3.096      -111.63426605
 3.099      -111.63412328
 3.101      -111.63398153
 3.104      -111.63384039
 3.106      -111.63370015
 3.109      -111.63356084
 3.111      -111.63342244
 3.114      -111.63328486
 3.116      -111.63314808
 3.119      -111.63301231
 3.121      -111.63287747
 3.124      -111.63274335
 3.126      -111.63261003
 3.129      -111.63247772
 3.131      -111.63234623
 3.134      -111.63221565
 3.136      -111.63208589
 3.139      -111.63195715
 3.141      -111.63182933
 3.144      -111.63170231
 3.146      -111.63157609
 3.149      -111.63145091
 3.151      -111.63132654
 3.154      -111.63120298
 3.156      -111.63108054
 3.159      -111.63095881
 3.161      -111.63083800
 3.164      -111.63071821
 3.166      -111.63059922
 3.169      -111.63048105
 3.171      -111.63036409
 3.174      -111.63024776
 3.176      -111.63013244
 3.179      -111.63001792
 3.181      -111.62990444
 3.184      -111.62979177
 3.186      -111.62968001
 3.189      -111.62956937
 3.191      -111.62945943
 3.194      -111.62935043
 3.196      -111.62924232
 3.199      -111.62913514
 3.201      -111.62902908
 3.204      -111.62892363
 3.206      -111.62881910
 3.209      -111.62871567
 3.211      -111.62861307
 3.214      -111.62851149
 3.216      -111.62841072
 3.219      -111.62831086
 3.221      -111.62821192
 3.224      -111.62811390
 3.226      -111.62801680
 3.229      -111.62792071
 3.231      -111.62782544
 3.234      -111.62773107
 3.236      -111.62763764
 3.239      -111.62754521
 3.241      -111.62745370
 3.244      -111.62736312
 3.246      -111.62727334
 3.249      -111.62718448
 3.251      -111.62709664
 3.254      -111.62700981
 3.256      -111.62692361
 3.259      -111.62683851
 3.261      -111.62675433
 3.264      -111.62667108
 3.266      -111.62658863
 3.269      -111.62650732
 3.271      -111.62642670
 3.274      -111.62634711
 3.276      -111.62626854
 3.279      -111.62619067
 3.281      -111.62611393
 3.284      -111.62603790
 3.286      -111.62596289
 3.289      -111.62588869
 3.291      -111.62581553
 3.294      -111.62574326
 3.296      -111.62567202
 3.299      -111.62560140
 3.301      -111.62553189
 3.304      -111.62546340
 3.306      -111.62539561
 3.309      -111.62532886
 3.311      -111.62526302
 3.314      -111.62519800
 3.316      -111.62513388
 3.319      -111.62507080
 3.321      -111.62500851
 3.324      -111.62494725
 3.326      -111.62488681
 3.329      -111.62482719
 3.331      -111.62476859
 3.334      -111.62471089
 3.336      -111.62465401
 3.339      -111.62459806
 3.341      -111.62454291
 3.344      -111.62448900
 3.346      -111.62443579
 3.349      -111.62438350
 3.351      -111.62433203
 3.354      -111.62428147
 3.356      -111.62423182
 3.359      -111.62418300
 3.361      -111.62413520
 3.364      -111.62408820
 3.366      -111.62404202
 3.369      -111.62399698
 3.371      -111.62395263
 3.374      -111.62390910
 3.376      -111.62386650
 3.379      -111.62382491
 3.381      -111.62378423
 3.384      -111.62374428
 3.386      -111.62370524
 3.389      -111.62366721
 3.391      -111.62362980
 3.394      -111.62359351
 3.396      -111.62355793
 3.399      -111.62352318
 3.401      -111.62348943
 3.404      -111.62345651
 3.406      -111.62342450
 3.409      -111.62339330
 3.411      -111.62336293
 3.414      -111.62333347
 3.416      -111.62330482
 3.419      -111.62327709
 3.421      -111.62325028
 3.424      -111.62322419
 3.426      -111.62319900
 3.429      -111.62317464
 3.431      -111.62315120
 3.434      -111.62312846
 3.436      -111.62310675
 3.439      -111.62308585
 3.441      -111.62306567
 3.444      -111.62304630
 3.446      -111.62302795
 3.449      -111.62301031
 3.451      -111.62299349
 3.454      -111.62297759
 3.456      -111.62296249
 3.459      -111.62294823
 3.461      -111.62293467
 3.464      -111.62292213
 3.466      -111.62291041
 3.469      -111.62289940
 3.471      -111.62288921
 3.474      -111.62287972
 3.476      -111.62287116
 3.479      -111.62286352
 3.481      -111.62285668
 3.484      -111.62285047
 3.486      -111.62284516
 3.489      -111.62284068
 3.491      -111.62283701
 3.494      -111.62283405
 3.496      -111.62283191
 3.499      -111.62283069
 3.501      -111.62283008
 3.504      -111.62283038
 3.506      -111.62283150
 3.509      -111.62283333
 3.511      -111.62283598
 3.514      -111.62283935
 3.516      -111.62284343
 3.519      -111.62284853
 3.521      -111.62285434
 3.524      -111.62286087
 3.526      -111.62286809
 3.529      -111.62287616
 3.531      -111.62288502
 3.534      -111.62289460
 3.536      -111.62290490
 3.539      -111.62291602
 3.541      -111.62292783
 3.544      -111.62294048
 3.546      -111.62295384
 3.549      -111.62296801
 3.551      -111.62298289
 3.554      -111.62299839
 3.556      -111.62301490
 3.559      -111.62303202
 3.561      -111.62304977
 3.564      -111.62306843
 3.566      -111.62308759
 3.569      -111.62310766
 3.571      -111.62312846
 3.574      -111.62314988
 3.576      -111.62317209
 3.579      -111.62319503
 3.581      -111.62321867
 3.584      -111.62324304
 3.586      -111.62326812
 3.589      -111.62329381
 3.591      -111.62332042
 3.594      -111.62334754
 3.596      -111.62337546
 3.599      -111.62340401
 3.601      -111.62343327
 3.604      -111.62346323
 3.606      -111.62349402
 3.609      -111.62352531
 3.611      -111.62355742
 3.614      -111.62359015
 3.616      -111.62362348
 3.619      -111.62365753
 3.621      -111.62369240
 3.624      -111.62372786
 3.626      -111.62376395
 3.629      -111.62380074
 3.631      -111.62383826
 3.634      -111.62387628
 3.636      -111.62391512
 3.639      -111.62395436
 3.641      -111.62399462
 3.644      -111.62403541
 3.646      -111.62407679
 3.649      -111.62411888
 3.651      -111.62416149
 3.654      -111.62420482
 3.656      -111.62424885
 3.659      -111.62429329
 3.661      -111.62433865
 3.664      -111.62438462
 3.666      -111.62443100
 3.669      -111.62447819
 3.671      -111.62452579
 3.674      -111.62457420
 3.676      -111.62462314
 3.679      -111.62467277
 3.681      -111.62472292
 3.684      -111.62477379
 3.686      -111.62482526
 3.689      -111.62487723
 3.691      -111.62492994
 3.694      -111.62498324
 3.696      -111.62503705
 3.699      -111.62509148
 3.701      -111.62514642
 3.704      -111.62520197
 3.706      -111.62525823
 3.709      -111.62531500
 3.711      -111.62537238
 3.714      -111.62543027
 3.716      -111.62548878
 3.719      -111.62554789
 3.721      -111.62560751
 3.724      -111.62566774
 3.726      -111.62572839
 3.729      -111.62578974
 3.731      -111.62585171
 3.734      -111.62591417
 3.736      -111.62597716
 3.739      -111.62604066
 3.741      -111.62610476
 3.744      -111.62616937
 3.746      -111.62623459
 3.749      -111.62630023
 3.751      -111.62636657
 3.754      -111.62643333
 3.756      -111.62650058
 3.759      -111.62656846
 3.761      -111.62663673
 3.764      -111.62670562
 3.766      -111.62677513
 3.769      -111.62684493
 3.771      -111.62691546
 3.774      -111.62698637
 3.776      -111.62705781
 3.779      -111.62712986
 3.781      -111.62720241
 3.784      -111.62727528
 3.786      -111.62734875
 3.789      -111.62742283
 3.791      -111.62749721
 3.794      -111.62757212
 3.796      -111.62764763
 3.799      -111.62772364
 3.801      -111.62779986
 3.804      -111.62787669
 3.806      -111.62795413
 3.809      -111.62803188
 3.811      -111.62811023
 3.814      -111.62818890
 3.816      -111.62826807
 3.819      -111.62834795
 3.821      -111.62842805
 3.824      -111.62850863
 3.826      -111.62858963
 3.829      -111.62867105
 3.831      -111.62875307
 3.834      -111.62883559
 3.836      -111.62891832
 3.839      -111.62900167
 3.841      -111.62908522
 3.844      -111.62916948
 3.846      -111.62925405
 3.849      -111.62933912
 3.851      -111.62942449
 3.854      -111.62951038
 3.856      -111.62959677
 3.859      -111.62968326
 3.861      -111.62977048
 3.864      -111.62985799
 3.866      -111.62994601
 3.869      -111.63003433
 3.871      -111.63012307
 3.874      -111.63021231
 3.876      -111.63030196
 3.879      -111.63039181
 3.881      -111.63048207
 3.884      -111.63057283
 3.886      -111.63066411
 3.889      -111.63075549
 3.891      -111.63084737
 3.894      -111.63093967
 3.896      -111.63103246
 3.899      -111.63112556
 3.901      -111.63121887
 3.904      -111.63131269
 3.906      -111.63140680
 3.909      -111.63150134
 3.911      -111.63159627
 3.914      -111.63169150
 3.916      -111.63178715
 3.919      -111.63188300
 3.921      -111.63197945
 3.924      -111.63207612
 3.926      -111.63217298
 3.929      -111.63227046
 3.931      -111.63236823
 3.934      -111.63246622
 3.936      -111.63256459
 3.939      -111.63266330
 3.941      -111.63276229
 3.944      -111.63286169
 3.946      -111.63296140
 3.949      -111.63306141
 3.951      -111.63316173
 3.954      -111.63326255
 3.956      -111.63336347
 3.959      -111.63346480
 3.961      -111.63356644
 3.964      -111.63366828
 3.966      -111.63377063
 3.969      -111.63387318
 3.971      -111.63397603
 3.974      -111.63407909
 3.976      -111.63418244
 3.979      -111.63428632
 3.981      -111.63439039
 3.984      -111.63449467
 3.986      -111.63459935
 3.989      -111.63470422
 3.991      -111.63480941
 3.994      -111.63491489
 3.996      -111.63502059
 3.999      -111.63512670
 4.001      -111.63523290
 4.004      -111.63533961
 4.006      -111.63544631
 4.009      -111.63555342
 4.011      -111.63566074
 4.014      -111.63576836
 4.016      -111.63587629
 4.019      -111.63598451
 4.021      -111.63609283
 4.024      -111.63620137
 4.026      -111.63631031
 4.029      -111.63641955
 4.031      -111.63652888
 4.034      -111.63663854
 4.036      -111.63674859
 4.039      -111.63685863
 4.041      -111.63696888
 4.044      -111.63707945
 4.046      -111.63719030
 4.049      -111.63730137
 4.051      -111.63741254
 4.054      -111.63752410
 4.056      -111.63763588
 4.059      -111.63774784
 4.061      -111.63785993
 4.064      -111.63797230
 4.066      -111.63808488
 4.069      -111.63819777
 4.071      -111.63831075
 4.074      -111.63842404
 4.076      -111.63853743
 4.079      -111.63865091
 4.081      -111.63876482
 4.084      -111.63887892
 4.086      -111.63899321
 4.089      -111.63910751
 4.091      -111.63922212
 4.094      -111.63933692
 4.096      -111.63945182
 4.099      -111.63956713
 4.101      -111.63968254
 4.104      -111.63979794
 4.106      -111.63991367
 4.109      -111.64002958
 4.111      -111.64014569
 4.114      -111.64026191
 4.116      -111.64037833
 4.119      -111.64049486
 4.121      -111.64061167
 4.124      -111.64072870
 4.126      -111.64084562
 4.129      -111.64096295
 4.131      -111.64108028
 4.134      -111.64119780
 4.136      -111.64131554
 4.139      -111.64143347
 4.141      -111.64155139
 4.144      -111.64166962
 4.146      -111.64178796
 4.149      -111.64190640
 4.151      -111.64202503
 4.154      -111.64214367
 4.156      -111.64226260
 4.159      -111.64238164
 4.161      -111.64250067
 4.164      -111.64261991
 4.166      -111.64273946
 4.169      -111.64285890
 4.171      -111.64297854
 4.174      -111.64309837
 4.176      -111.64321833
 4.179      -111.64333827
 4.181      -111.64345850
 4.184      -111.64357874
 4.186      -111.64369909
 4.189      -111.64381963
 4.191      -111.64394018
 4.194      -111.64406092
 4.196      -111.64418187
 4.199      -111.64430271
 4.201      -111.64442375
 4.204      -111.64454490
 4.206      -111.64466624
 4.209      -111.64478758
 4.211      -111.64490903
 4.214      -111.64503047
 4.216      -111.64515221
 4.219      -111.64527396
 4.221      -111.64539580
 4.224      -111.64551755
 4.226      -111.64563959
 4.229      -111.64576173
 4.231      -111.64588388
 4.234      -111.64600612
 4.236      -111.64612846
 4.239      -111.64625090
 4.241      -111.64637324
 4.244      -111.64649588
 4.246      -111.64661842
 4.249      -111.64674116
 4.251      -111.64686400
 4.254      -111.64698684
 4.256      -111.64710977
 4.259      -111.64723281
 4.261      -111.64735575
 4.264      -111.64747878
 4.266      -111.64760201
 4.269      -111.64772535
 4.271      -111.64784848
 4.274      -111.64797191
 4.276      -111.64809514
 4.279      -111.64821867
 4.281      -111.64834220
 4.284      -111.64846562
 4.286      -111.64858925
 4.289      -111.64871298
 4.291      -111.64883650
 4.294      -111.64896033
 4.296      -111.64908404
 4.299      -111.64920786
 4.301      -111.64933179
 4.304      -111.64945560
 4.306      -111.64957952
 4.309      -111.64970343
 4.311      -111.64982745
 4.314      -111.64995146
 4.316      -111.65007548
 4.319      -111.65019958
 4.321      -111.65032369
 4.324      -111.65044770
 4.326      -111.65057190
 4.329      -111.65069611
 4.331      -111.65082042
 4.334      -111.65094451
 4.336      -111.65106881
 4.339      -111.65119291
 4.341      -111.65131730
 4.344      -111.65144150
 4.346      -111.65156579
 4.349      -111.65169008
 4.351      -111.65181447
 4.354      -111.65193875
 4.356      -111.65206314
 4.359      -111.65218743
 4.361      -111.65231181
 4.364      -111.65243609
 4.366      -111.65256036
 4.369      -111.65268484
 4.371      -111.65280912
 4.374      -111.65293349
 4.376      -111.65305786
 4.379      -111.65318223
 4.381      -111.65330639
 4.384      -111.65343076
 4.386      -111.65355522
 4.389      -111.65367948
 4.391      -111.65380373
 4.394      -111.65392799
 4.396      -111.65405234
 4.399      -111.65417660
 4.401      -111.65430084
 4.404      -111.65442509
 4.406      -111.65454924
 4.409      -111.65467348
 4.411      -111.65479762
 4.414      -111.65492186
 4.416      -111.65504599
 4.419      -111.65517012
 4.421      -111.65529415
 4.424      -111.65541828
 4.426      -111.65554210
 4.429      -111.65566623
 4.431      -111.65579015
 4.434      -111.65591417
 4.436      -111.65603809
 4.439      -111.65616200
 4.441      -111.65628581
 4.444      -111.65640962
 4.446      -111.65653342
 4.449      -111.65665723
 4.451      -111.65678083
 4.454      -111.65690452
 4.456      -111.65702812
 4.459      -111.65715161
 4.461      -111.65727520
 4.464      -111.65739879
 4.466      -111.65752218
 4.469      -111.65764556
 4.471      -111.65776904
 4.474      -111.65789221
 4.476      -111.65801549
 4.479      -111.65813876
 4.481      -111.65826203
 4.484      -111.65838519
 4.486      -111.65850816
 4.489      -111.65863121
 4.491      -111.65875427
 4.494      -111.65887703
 4.496      -111.65899998
 4.499      -111.65912272
 4.501      -111.65924557
 4.504      -111.65936821
 4.506      -111.65949075
 4.509      -111.65961339
 4.511      -111.65973592
 4.514      -111.65985836
 4.516      -111.65998079
 4.519      -111.66010311
 4.521      -111.66022533
 4.524      -111.66034755
 4.526      -111.66046966
 4.529      -111.66059167
 4.531      -111.66071368
 4.534      -111.66083569
 4.536      -111.66095740
 4.539      -111.66107919
 4.541      -111.66120100
 4.544      -111.66132269
 4.546      -111.66144428
 4.549      -111.66156577
 4.551      -111.66168726
 4.554      -111.66180854
 4.556      -111.66192972
 4.559      -111.66205089
 4.561      -111.66217207
 4.564      -111.66229314
 4.566      -111.66241410
 4.569      -111.66253496
 4.571      -111.66265583
 4.574      -111.66277648
 4.576      -111.66289724
 4.579      -111.66301779
 4.581      -111.66313824
 4.584      -111.66325878
 4.586      -111.66337892
 4.589      -111.66349916
 4.591      -111.66361919
 4.594      -111.66373932
 4.596      -111.66385945
 4.599      -111.66397927
 4.601      -111.66409900
 4.604      -111.66421871
 4.606      -111.66433832
 4.609      -111.66445804
 4.611      -111.66457735
 4.614      -111.66469685
 4.616      -111.66481595
 4.619      -111.66493505
 4.621      -111.66505415
 4.624      -111.66517314
 4.626      -111.66529203
 4.629      -111.66541081
 4.631      -111.66552939
 4.634      -111.66564817
 4.636      -111.66576665
 4.639      -111.66588501
 4.641      -111.66600338
 4.644      -111.66612155
 4.646      -111.66623971
 4.649      -111.66635757
 4.651      -111.66647562
 4.654      -111.66659327
 4.656      -111.66671101
 4.659      -111.66682866
 4.661      -111.66694610
 4.664      -111.66706354
 4.666      -111.66718087
 4.669      -111.66729800
 4.671      -111.66741513
 4.674      -111.66753205
 4.676      -111.66764897
 4.679      -111.66776579
 4.681      -111.66788251
 4.684      -111.66799901
 4.686      -111.66811542
 4.689      -111.66823172
 4.691      -111.66834802
 4.694      -111.66846411
 4.696      -111.66858010
 4.699      -111.66869620
 4.701      -111.66881188
 4.704      -111.66892756
 4.706      -111.66904314
 4.709      -111.66915861
 4.711      -111.66927389
 4.714      -111.66938915
 4.716      -111.66950442
 4.719      -111.66961948
 4.721      -111.66973434
 4.724      -111.66984909
 4.726      -111.66996384
 4.729      -111.67007839
 4.731      -111.67019283
 4.734      -111.67030727
 4.736      -111.67042131
 4.739      -111.67053544
 4.741      -111.67064957
 4.744      -111.67076330
 4.746      -111.67087712
 4.749      -111.67099084
 4.751      -111.67110435
 4.754      -111.67121766
 4.756      -111.67133098
 4.759      -111.67144408
 4.761      -111.67155728
 4.764      -111.67167008
 4.766      -111.67178297
 4.769      -111.67189577
 4.771      -111.67200825
 4.774      -111.67212063
 4.776      -111.67223302
 4.779      -111.67234540
 4.781      -111.67245747
 4.784      -111.67256923
 4.786      -111.67268120
 4.789      -111.67279306
 4.791      -111.67290442
 4.794      -111.67301608
 4.796      -111.67312743
 4.799      -111.67323868
 4.801      -111.67334983
 4.804      -111.67346077
 4.806      -111.67357161
 4.809      -111.67368224
 4.811      -111.67379307
 4.814      -111.67390351
 4.816      -111.67401393
 4.819      -111.67412405
 4.821      -111.67423427
 4.824      -111.67434418
 4.826      -111.67445409
 4.829      -111.67456390
 4.831      -111.67467350
 4.834      -111.67478300
 4.836      -111.67489240
 4.839      -111.67500169
 4.841      -111.67511069
 4.844      -111.67521967
 4.846      -111.67532865
 4.849      -111.67543733
 4.851      -111.67554601
 4.854      -111.67565448
 4.856      -111.67576285
 4.859      -111.67587102
 4.861      -111.67597918
 4.864      -111.67608714
 4.866      -111.67619499
 4.869      -111.67630275
 4.871      -111.67641040
 4.874      -111.67651784
 4.876      -111.67662508
 4.879      -111.67673242
 4.881      -111.67683946
 4.884      -111.67694639
 4.886      -111.67705322
 4.889      -111.67715984
 4.891      -111.67726646
 4.894      -111.67737288
 4.896      -111.67747920
 4.899      -111.67758531
 4.901      -111.67769131
 4.904      -111.67779732
 4.906      -111.67790312
 4.909      -111.67800882
 4.911      -111.67811431
 4.914      -111.67821970
 4.916      -111.67832489
 4.919      -111.67843008
 4.921      -111.67853506
 4.924      -111.67864003
 4.926      -111.67874481
 4.929      -111.67884928
 4.931      -111.67895384
 4.934      -111.67905821
 4.936      -111.67916237
 4.939      -111.67926643
 4.941      -111.67937038
 4.944      -111.67947423
 4.946      -111.67957798
 4.949      -111.67968153
 4.951      -111.67978496
 4.954      -111.67988820
 4.956      -111.67999144
 4.959      -111.68009447
 4.961      -111.68019750
 4.964      -111.68030012
 4.966      -111.68040284
 4.969      -111.68050536
 4.971      -111.68060778
 4.974      -111.68070999
 4.976      -111.68081220
 4.979      -111.68091430
 4.981      -111.68101600
 4.984      -111.68111770
 4.986      -111.68121950
 4.989      -111.68132099
 4.991      -111.68142228
 4.994      -111.68152357
 4.996      -111.68162465
 4.999      -111.68172553
 5.001      -111.68182630
 5.004      -111.68192698
 5.006      -111.68202754
 5.009      -111.68212802
 5.011      -111.68222828
 5.014      -111.68232854
 5.016      -111.68242850
 5.019      -111.68252845
 5.021      -111.68262820
 5.024      -111.68272774
 5.026      -111.68282739
 5.029      -111.68292684
 5.031      -111.68302607
 5.034      -111.68312510
 5.036      -111.68322414
 5.039      -111.68332297
 5.041      -111.68342179
 5.044      -111.68352031
 5.046      -111.68361884
 5.049      -111.68371725
 5.051      -111.68381536
 5.054      -111.68391358
 5.056      -111.68401149
 5.059      -111.68410929
 5.061      -111.68420699
 5.064      -111.68430459
 5.066      -111.68440188
 5.069      -111.68449938
 5.071      -111.68459647
 5.074      -111.68469345
 5.076      -111.68479044
 5.079      -111.68488721
 5.081      -111.68498389
 5.084      -111.68508046
 5.086      -111.68517684
 5.089      -111.68527320
 5.091      -111.68536937
 5.094      -111.68546544
 5.096      -111.68556119
 5.099      -111.68565705
 5.101      -111.68575260
 5.104      -111.68584815
 5.106      -111.68594350
 5.109      -111.68603874
 5.111      -111.68613389
 5.114      -111.68622893
 5.116      -111.68632366
 5.119      -111.68641849
 5.121      -111.68651322
 5.124      -111.68660765
 5.126      -111.68670197
 5.129      -111.68679619
 5.131      -111.68689052
 5.134      -111.68698443
 5.136      -111.68707824
 5.139      -111.68717195
 5.141      -111.68726566
 5.144      -111.68735917
 5.146      -111.68745246
 5.149      -111.68754576
 5.151      -111.68763896
 5.154      -111.68773185
 5.156      -111.68782464
 5.159      -111.68791753
 5.161      -111.68801001
 5.164      -111.68810249
 5.166      -111.68819487
 5.169      -111.68828715
 5.171      -111.68837912
 5.174      -111.68847119
 5.176      -111.68856306
 5.179      -111.68865482
 5.181      -111.68874649
 5.184      -111.68883784
 5.186      -111.68892930
 5.189      -111.68902065
 5.191      -111.68911160
 5.194      -111.68920275
 5.196      -111.68929370
 5.199      -111.68938444
 5.201      -111.68947498
 5.204      -111.68956552
 5.206      -111.68965596
 5.209      -111.68974629
 5.211      -111.68983632
 5.214      -111.68992634
 5.216      -111.69001637
 5.219      -111.69010619
 5.221      -111.69019581
 5.224      -111.69028543
 5.226      -111.69037484
 5.229      -111.69046405
 5.231      -111.69055336
 5.234      -111.69064237
 5.236      -111.69073137
 5.239      -111.69082017
 5.241      -111.69090887
 5.244      -111.69099746
 5.246      -111.69108606
 5.249      -111.69117435
 5.251      -111.69126253
 5.254      -111.69135072
 5.256      -111.69143870
 5.259      -111.69152658
 5.261      -111.69161436
 5.264      -111.69170203
 5.266      -111.69178961
 5.269      -111.69187708
 5.271      -111.69196435
 5.274      -111.69205162
 5.276      -111.69213857
 5.279      -111.69222553
 5.281      -111.69231229
 5.284      -111.69239915
 5.286      -111.69248570
 5.289      -111.69257225
 5.291      -111.69265870
 5.294      -111.69274494
 5.296      -111.69283118
 5.299      -111.69291713
 5.301      -111.69300306
 5.304      -111.69308880
 5.306      -111.69317453
 5.309      -111.69326017
 5.311      -111.69334569
 5.314      -111.69343102
 5.316      -111.69351624
 5.319      -111.69360137
 5.321      -111.69368638
 5.324      -111.69377130
 5.326      -111.69385612
 5.329      -111.69394082
 5.331      -111.69402543
 5.334      -111.69410994
 5.336      -111.69419414
 5.339      -111.69427855
 5.341      -111.69436265
 5.344      -111.69444675
 5.346      -111.69453054
 5.349      -111.69461444
 5.351      -111.69469813
 5.354      -111.69478172
 5.356      -111.69486510
 5.359      -111.69494848
 5.361      -111.69503177
 5.364      -111.69511494
 5.366      -111.69519792
 5.369      -111.69528090
 5.371      -111.69536377
 5.374      -111.69544654
 5.376      -111.69552911
 5.379      -111.69561167
 5.381      -111.69569404
 5.384      -111.69577630
 5.386      -111.69585846
 5.389      -111.69594071
 5.391      -111.69602257
 5.394      -111.69610443
 5.396      -111.69618627
 5.399      -111.69626792
 5.401      -111.69634947
 5.404      -111.69643091
 5.406      -111.69651235
 5.409      -111.69659359
 5.411      -111.69667463
 5.414      -111.69675576
 5.416      -111.69683670
 5.419      -111.69691763
 5.421      -111.69699826
 5.424      -111.69707889
 5.426      -111.69715941
 5.429      -111.69723993
 5.431      -111.69732015
 5.434      -111.69740037
 5.436      -111.69748059
 5.439      -111.69756050
 5.441      -111.69764062
 5.444      -111.69772032
 5.446      -111.69780004
 5.449      -111.69787964
 5.451      -111.69795925
 5.454      -111.69803845
 5.456      -111.69811795
 5.459      -111.69819714
 5.461      -111.69827644
 5.464      -111.69835534
 5.466      -111.69843433
 5.469      -111.69851312
 5.471      -111.69859180
 5.474      -111.69867049
 5.476      -111.69874897
 5.479      -111.69882746
 5.481      -111.69890584
 5.484      -111.69898401
 5.486      -111.69906228
 5.489      -111.69914046
 5.491      -111.69921834
 5.494      -111.69929611
 5.496      -111.69937387
 5.499      -111.69945153
 5.501      -111.69952910
 5.504      -111.69960656
 5.506      -111.69968402
 5.509      -111.69976138
 5.511      -111.69983863
 5.514      -111.69991569
 5.516      -111.69999265
 5.519      -111.70006970
 5.521      -111.70014644
 5.524      -111.70022329
 5.526      -111.70029983
 5.529      -111.70037648
 5.531      -111.70045292
 5.534      -111.70052936
 5.536      -111.70060550
 5.539      -111.70068183
 5.541      -111.70075797
 5.544      -111.70083390
 5.546      -111.70090983
 5.549      -111.70098566
 5.551      -111.70106148
 5.554      -111.70113701
 5.556      -111.70121263
 5.559      -111.70128815
 5.561      -111.70136347
 5.564      -111.70143869
 5.566      -111.70151400
 5.569      -111.70158922
 5.571      -111.70166413
 5.574      -111.70173914
 5.576      -111.70181405
 5.579      -111.70188876
 5.581      -111.70196346
 5.584      -111.70203807
 5.586      -111.70211257
 5.589      -111.70218697
 5.591      -111.70226136
 5.594      -111.70233546
 5.596      -111.70240976
 5.599      -111.70248384
 5.601      -111.70255784
 5.604      -111.70263173
 5.606      -111.70270562
 5.609      -111.70277930
 5.611      -111.70285298
 5.614      -111.70292656
 5.616      -111.70300005
 5.619      -111.70307353
 5.621      -111.70314680
 5.624      -111.70322008
 5.626      -111.70329336
 5.629      -111.70336642
 5.631      -111.70343940
 5.634      -111.70351227
 5.636      -111.70358503
 5.639      -111.70365780
 5.641      -111.70373056
 5.644      -111.70380323
 5.646      -111.70387579
 5.649      -111.70394825
 5.651      -111.70402050
 5.654      -111.70409276
 5.656      -111.70416502
 5.659      -111.70423707
 5.661      -111.70430922
 5.664      -111.70438107
 5.666      -111.70445311
 5.669      -111.70452476
 5.671      -111.70459661
 5.674      -111.70466825
 5.676      -111.70473979
 5.679      -111.70481123
 5.681      -111.70488267
 5.684      -111.70495411
 5.686      -111.70502534
 5.689      -111.70509648
 5.691      -111.70516771
 5.694      -111.70523864
 5.696      -111.70530967
 5.699      -111.70538050
 5.701      -111.70545132
 5.704      -111.70552205
 5.706      -111.70559277
 5.709      -111.70566339
 5.711      -111.70573391
 5.714      -111.70580443
 5.716      -111.70587485
 5.719      -111.70594496
 5.721      -111.70601517
 5.724      -111.70608529
 5.726      -111.70615550
 5.729      -111.70622551
 5.731      -111.70629542
 5.734      -111.70636522
 5.736      -111.70643513
 5.739      -111.70650483
 5.741      -111.70657444
 5.744      -111.70664414
 5.746      -111.70671364
 5.749      -111.70678293
 5.751      -111.70685223
 5.754      -111.70692152
 5.756      -111.70699072
 5.759      -111.70705991
 5.761      -111.70712910
 5.764      -111.70719809
 5.766      -111.70726708
 5.769      -111.70733586
 5.771      -111.70740465
 5.774      -111.70747343
 5.776      -111.70754221
 5.779      -111.70761069
 5.781      -111.70767927
 5.784      -111.70774775
 5.786      -111.70781612
 5.789      -111.70788450
 5.791      -111.70795277
 5.794      -111.70802095
 5.796      -111.70808912
 5.799      -111.70815719
 5.801      -111.70822505
 5.804      -111.70829312
 5.806      -111.70836098
 5.809      -111.70842885
 5.811      -111.70849641
 5.814      -111.70856427
 5.816      -111.70863174
 5.819      -111.70869929
 5.821      -111.70876685
 5.824      -111.70883431
 5.826      -111.70890166
 5.829      -111.70896891
 5.831      -111.70903606
 5.834      -111.70910332
 5.836      -111.70917046
 5.839      -111.70923741
 5.841      -111.70930436
 5.844      -111.70937141
 5.846      -111.70943815
 5.849      -111.70950499
 5.851      -111.70957173
 5.854      -111.70963837
 5.856      -111.70970501
 5.859      -111.70977145
 5.861      -111.70983808
 5.864      -111.70990442
 5.866      -111.70997085
 5.869      -111.71003709
 5.871      -111.71010332
 5.874      -111.71016955
 5.876      -111.71023567
 5.879      -111.71030170
 5.881      -111.71036773
 5.884      -111.71043375
 5.886      -111.71049958
 5.889      -111.71056550
 5.891      -111.71063122
 5.894      -111.71069684
 5.896      -111.71076256
 5.899      -111.71082808
 5.901      -111.71089369
 5.904      -111.71095911
 5.906      -111.71102452
 5.909      -111.71108993
 5.911      -111.71115524
 5.914      -111.71122055
 5.916      -111.71128566
 5.919      -111.71135087
 5.921      -111.71141598
 5.924      -111.71148098
 5.926      -111.71154588
 5.929      -111.71161089
 5.931      -111.71167559
 5.934      -111.71174049
 5.936      -111.71180529
 5.939      -111.71187009
 5.941      -111.71193458
 5.944      -111.71199918
 5.946      -111.71206367
 5.949      -111.71212817
 5.951      -111.71219276
 5.954      -111.71225695
 5.956      -111.71232134
 5.959      -111.71238563
 5.961      -111.71244982
 5.964      -111.71251390
 5.966      -111.71257798
 5.969      -111.71264197
 5.971      -111.71270605
 5.974      -111.71277003
 5.976      -111.71283391
 5.979      -111.71289779
 5.981      -111.71296157
 5.984      -111.71302535
 5.986      -111.71308902
 5.989      -111.71315260
 5.991      -111.71321617
 5.994      -111.71327985
 5.996      -111.71334321
 5.999      -111.71340669
 6.001      -111.71347006
 6.004      -111.71353342
 6.006      -111.71359659
 6.009      -111.71365996
 6.011      -111.71372312
 6.014      -111.71378618
 6.016      -111.71384925
 6.019      -111.71391231
 6.021      -111.71397527
 6.024      -111.71403823
 6.026      -111.71410118
 6.029      -111.71416404
 6.031      -111.71422680
 6.034      -111.71428955
 6.036      -111.71435221
 6.039      -111.71441486
 6.041      -111.71447751
 6.044      -111.71453996
 6.046      -111.71460271
 6.049      -111.71466506
 6.051      -111.71472741
 6.054      -111.71478985
 6.056      -111.71485210
 6.059      -111.71491444
 6.061      -111.71497668
 6.064      -111.71503882
 6.066      -111.71510097
 6.069      -111.71516301
 6.071      -111.71522515
 6.074      -111.71528708
 6.076      -111.71534902
 6.079      -111.71541085
 6.081      -111.71547279
 6.084      -111.71553462
 6.086      -111.71559636
 6.089      -111.71565819
 6.091      -111.71571982
 6.094      -111.71578145
 6.096      -111.71584298
 6.099      -111.71590450
 6.101      -111.71596603
 6.104      -111.71602745
 6.106      -111.71608898
 6.109      -111.71615030
 6.111      -111.71621152
 6.114      -111.71627295
 6.116      -111.71633427
 6.119      -111.71639549
 6.121      -111.71645650
 6.124      -111.71651772
 6.126      -111.71657884
 6.129      -111.71663985
 6.131      -111.71670087
 6.134      -111.71676178
 6.136      -111.71682259
 6.139      -111.71688350
 6.141      -111.71694431
 6.144      -111.71700512
 6.146      -111.71706583
 6.149      -111.71712664
 6.151      -111.71718724
 6.154      -111.71724795
 6.156      -111.71730835
 6.159      -111.71736896
 6.161      -111.71742946
 6.164      -111.71748996
 6.166      -111.71755026
 6.169      -111.71761076
 6.171      -111.71767096
 6.174      -111.71773136
 6.176      -111.71779165
 6.179      -111.71785175
 6.181      -111.71791204
 6.184      -111.71797214
 6.186      -111.71803213
 6.189      -111.71809222
 6.191      -111.71815231
 6.194      -111.71821230
 6.196      -111.71827219
 6.199      -111.71833218
 6.201      -111.71839197
 6.204      -111.71845185
 6.206      -111.71851164
 6.209      -111.71857132
 6.211      -111.71863101
 6.214      -111.71869079
 6.216      -111.71875047
 6.219      -111.71881005
 6.221      -111.71886953
 6.224      -111.71892911
 6.226      -111.71898859
 6.229      -111.71904796
 6.231      -111.71910744
 6.234      -111.71916692
 6.236      -111.71922609
 6.239      -111.71928546
 6.241      -111.71934463
 6.244      -111.71940390
 6.246      -111.71946318
 6.249      -111.71952235
 6.251      -111.71958141
 6.254      -111.71964048
 6.256      -111.71969955
 6.259      -111.71975851
 6.261      -111.71981758
 6.264      -111.71987644
 6.266      -111.71993531
 6.269      -111.71999427
 6.271      -111.72005313
 6.274      -111.72011189
 6.276      -111.72017075
 6.279      -111.72022941
 6.281      -111.72028816
 6.284      -111.72034672
 6.286      -111.72040538
 6.289      -111.72046393
 6.291      -111.72052249
 6.294      -111.72058104
 6.296      -111.72063959
 6.299      -111.72069814
 6.301      -111.72075640
 6.304      -111.72081475
 6.306      -111.72087320
 6.309      -111.72093154
 6.311      -111.72098979
 6.314      -111.72104803
 6.316      -111.72110628
 6.319      -111.72116442
 6.321      -111.72122267
 6.324      -111.72128081
 6.326      -111.72133885
 6.329      -111.72139699
 6.331      -111.72145494
 6.334      -111.72151287
 6.336      -111.72157101
 6.339      -111.72162875
 6.341      -111.72168669
 6.344      -111.72174462
 6.346      -111.72180236
 6.349      -111.72186019
 6.351      -111.72191803
 6.354      -111.72197576
 6.356      -111.72203339
 6.359      -111.72209102
 6.361      -111.72214865
 6.364      -111.72220628
 6.366      -111.72226391
 6.369      -111.72232134
 6.371      -111.72237886
 6.374      -111.72243629
 6.376      -111.72249381
 6.379      -111.72255124
 6.381      -111.72260866
 6.384      -111.72266598
 6.386      -111.72272331
 6.389      -111.72278053
 6.391      -111.72283784
 6.394      -111.72289506
 6.396      -111.72295228
 6.399      -111.72300950
 6.401      -111.72306662
 6.404      -111.72312373
 6.406      -111.72318085
 6.409      -111.72323776
 6.411      -111.72329487
 6.414      -111.72335199
 6.416      -111.72340880
 6.419      -111.72346581
 6.421      -111.72352262
 6.424      -111.72357963
 6.426      -111.72363644
 6.429      -111.72369314
 6.431      -111.72375005
 6.434      -111.72380685
 6.436      -111.72386356
 6.439      -111.72392016
 6.441      -111.72397697
 6.444      -111.72403347
 6.446      -111.72409017
 6.449      -111.72414657
 6.451      -111.72420327
 6.454      -111.72425967
 6.456      -111.72431627
 6.459      -111.72437267
 6.461      -111.72442927
 6.464      -111.72448556
 6.466      -111.72454186
 6.469      -111.72459835
 6.471      -111.72465455
 6.474      -111.72471084
 6.476      -111.72476713
 6.479      -111.72482342
 6.481      -111.72487961
 6.484      -111.72493580
 6.486      -111.72499189
 6.489      -111.72504808
 6.491      -111.72510417
 6.494      -111.72516036
 6.496      -111.72521634
 6.499      -111.72527243
 6.501      -111.72532831
 6.504      -111.72538440
 6.506      -111.72544028
 6.509      -111.72549616
 6.511      -111.72555204
 6.514      -111.72560792
 6.516      -111.72566370
 6.519      -111.72571948
 6.521      -111.72577526
 6.524      -111.72583114
 6.526      -111.72588671
 6.529      -111.72594249
 6.531      -111.72599806
 6.534      -111.72605374
 6.536      -111.72610931
 6.539      -111.72616488
 6.541      -111.72622056
 6.544      -111.72627592
 6.546      -111.72633149
 6.549      -111.72638696
 6.551      -111.72644243
 6.554      -111.72649780
 6.556      -111.72655327
 6.559      -111.72660854
 6.561      -111.72666400
 6.564      -111.72671927
 6.566      -111.72677463
 6.569      -111.72682979
 6.571      -111.72688516
 6.574      -111.72694042
 6.576      -111.72699558
 6.579      -111.72705064
 6.581      -111.72710580
 6.584      -111.72716096
 6.586      -111.72721602
 6.589      -111.72727108
 6.591      -111.72732613
 6.594      -111.72738109
 6.596      -111.72743624
 6.599      -111.72749110
 6.601      -111.72754595
 6.604      -111.72760081
 6.606      -111.72765576
 6.609      -111.72771071
 6.611      -111.72776546
 6.614      -111.72782021
 6.616      -111.72787506
 6.619      -111.72792981
 6.621      -111.72798455
 6.624      -111.72803920
 6.626      -111.72809405
 6.629      -111.72814849
 6.631      -111.72820324
 6.634      -111.72825778
 6.636      -111.72831232
 6.639      -111.72836687
 6.641      -111.72842141
 6.644      -111.72847605
 6.646      -111.72853039
 6.649      -111.72858483
 6.651      -111.72863927
 6.654      -111.72869371
 6.656      -111.72874805
 6.659      -111.72880258
 6.661      -111.72885692
 6.664      -111.72891115
 6.666      -111.72896539
 6.669      -111.72901962
 6.671      -111.72907386
 6.674      -111.72912809
 6.676      -111.72918242
 6.679      -111.72923635
 6.681      -111.72929058
 6.684      -111.72934481
 6.686      -111.72939874
 6.689      -111.72945287
 6.691      -111.72950689
 6.694      -111.72956092
 6.696      -111.72961495
 6.699      -111.72966887
 6.701      -111.72972289
 6.704      -111.72977672
 6.706      -111.72983074
 6.709      -111.72988456
 6.711      -111.72993838
 6.714      -111.72999221
 6.716      -111.73004603
 6.719      -111.73009985
 6.721      -111.73015346
 6.724      -111.73020718
 6.726      -111.73026100
 6.729      -111.73031452
 6.731      -111.73036833
 6.734      -111.73042195
 6.736      -111.73047556
 6.739      -111.73052908
 6.741      -111.73058289
 6.744      -111.73063630
 6.746      -111.73068971
 6.749      -111.73074323
 6.751      -111.73079674
 6.754      -111.73085015
 6.756      -111.73090365
 6.759      -111.73095696
 6.761      -111.73101037
 6.764      -111.73106368
 6.766      -111.73111698
 6.769      -111.73117039
 6.771      -111.73122359
 6.774      -111.73127690
 6.776      -111.73133010
 6.779      -111.73138340
 6.781      -111.73143650
 6.784      -111.73148970
 6.786      -111.73154280
 6.789      -111.73159600
 6.791      -111.73164910
 6.794      -111.73170220
 6.796      -111.73175520
 6.799      -111.73180830
 6.801      -111.73186129
 6.804      -111.73191419
 6.806      -111.73196718
 6.809      -111.73202008
 6.811      -111.73207287
 6.814      -111.73212596
 6.816      -111.73217865
 6.819      -111.73223165
 6.821      -111.73228444
 6.824      -111.73233723
 6.826      -111.73238992
 6.829      -111.73244271
 6.831      -111.73249549
 6.834      -111.73254818
 6.836      -111.73260087
 6.839      -111.73265355
 6.841      -111.73270604
 6.844      -111.73275873
 6.846      -111.73281131
 6.849      -111.73286399
 6.851      -111.73291638
 6.854      -111.73296906
 6.856      -111.73302134
 6.859      -111.73307382
 6.861      -111.73312640
 6.864      -111.73317878
 6.866      -111.73323116
 6.869      -111.73328353
 6.871      -111.73333581
 6.874      -111.73338829
 6.876      -111.73344057
 6.879      -111.73349284
 6.881      -111.73354522
 6.884      -111.73359729
 6.886      -111.73364966
 6.889      -111.73370184
 6.891      -111.73375401
 6.894      -111.73380608
 6.896      -111.73385815
 6.899      -111.73391032
 6.901      -111.73396249
 6.904      -111.73401436
 6.906      -111.73406653
 6.909      -111.73411859
 6.911      -111.73417056
 6.914      -111.73422262
 6.916      -111.73427439
 6.919      -111.73432636
 6.921      -111.73437822
 6.924      -111.73443018
 6.926      -111.73448205
 6.929      -111.73453381
 6.931      -111.73458577
 6.934      -111.73463743
 6.936      -111.73468909
 6.939      -111.73474085
 6.941      -111.73479261
 6.944      -111.73484437
 6.946      -111.73489602
 6.949      -111.73494768
 6.951      -111.73499934
 6.954      -111.73505089
 6.956      -111.73510255
 6.959      -111.73515400
 6.961      -111.73520565
 6.964      -111.73525711
 6.966      -111.73530856
 6.969      -111.73536001
 6.971      -111.73541147
 6.974      -111.73546292
 6.976      -111.73551426
 6.979      -111.73556581
 6.981      -111.73561716
 6.984      -111.73566841
 6.986      -111.73571976
 6.989      -111.73577100
 6.991      -111.73582215
 6.994      -111.73587349
 6.996      -111.73592474
 6.999      -111.73597578
 7.001      -111.73602702
 7.004      -111.73607817
 7.006      -111.73612941
 7.009      -111.73618045
 7.011      -111.73623149
 7.014      -111.73628263
 7.016      -111.73633357
 7.019      -111.73638461
 7.021      -111.73643555
 7.024      -111.73648649
 7.026      -111.73653742
 7.029      -111.73658846
 7.031      -111.73663930
 7.034      -111.73669023
 7.036      -111.73674107
 7.039      -111.73679190
 7.041      -111.73684273
 7.044      -111.73689347
 7.046      -111.73694430
 7.049      -111.73699493
 7.051      -111.73704566
 7.054      -111.73709639
 7.056      -111.73714702
 7.059      -111.73719765
 7.061      -111.73724828
 7.064      -111.73729891
 7.066      -111.73734933
 7.069      -111.73740006
 7.071      -111.73745058
 7.074      -111.73750111
 7.076      -111.73755153
 7.079      -111.73760196
 7.081      -111.73765248
 7.084      -111.73770280
 7.086      -111.73775312
 7.089      -111.73780355
 7.091      -111.73785387
 7.094      -111.73790429
 7.096      -111.73795451
 7.099      -111.73800473
 7.101      -111.73805504
 7.104      -111.73810536
 7.106      -111.73815548
 7.109      -111.73820570
 7.111      -111.73825581
 7.114      -111.73830603
 7.116      -111.73835614
 7.119      -111.73840616
 7.121      -111.73845627
 7.124      -111.73850638
 7.126      -111.73855640
 7.129      -111.73860631
 7.131      -111.73865632
 7.134      -111.73870623
 7.136      -111.73875624
 7.139      -111.73880615
 7.141      -111.73885596
 7.144      -111.73890577
 7.146      -111.73895567
 7.149      -111.73900548
 7.151      -111.73905529
 7.154      -111.73910509
 7.156      -111.73915470
 7.159      -111.73920440
 7.161      -111.73925411
 7.164      -111.73930381
 7.166      -111.73935341
 7.169      -111.73940311
 7.171      -111.73945272
 7.174      -111.73950232
 7.176      -111.73955182
 7.179      -111.73960142
 7.181      -111.73965082
 7.184      -111.73970021
 7.186      -111.73974971
 7.189      -111.73979921
 7.191      -111.73984871
 7.194      -111.73989800
 7.196      -111.73994740
 7.199      -111.73999669
 7.201      -111.74004599
 7.204      -111.74009528
 7.206      -111.74014457
 7.209      -111.74019387
 7.211      -111.74024306
 7.214      -111.74029235
 7.216      -111.74034134
 7.219      -111.74039053
 7.221      -111.74043972
 7.224      -111.74048881
 7.226      -111.74053790
 7.229      -111.74058699
 7.231      -111.74063598
 7.234      -111.74068486
 7.236      -111.74073385
 7.239      -111.74078294
 7.241      -111.74083192
 7.244      -111.74088071
 7.246      -111.74092959
 7.249      -111.74097847
 7.251      -111.74102736
 7.254      -111.74107614
 7.256      -111.74112492
 7.259      -111.74117370
 7.261      -111.74122248
 7.264      -111.74127116
 7.266      -111.74131984
 7.269      -111.74136862
 7.271      -111.74141710
 7.274      -111.74146578
 7.276      -111.74151435
 7.279      -111.74156293
 7.281      -111.74161141
 7.284      -111.74166008
 7.286      -111.74170846
 7.289      -111.74175703
 7.291      -111.74180541
 7.294      -111.74185378
 7.296      -111.74190235
 7.299      -111.74195063
 7.301      -111.74199890
 7.304      -111.74204737
 7.306      -111.74209564
 7.309      -111.74214391
 7.311      -111.74219218
 7.314      -111.74224035
 7.316      -111.74228862
 7.319      -111.74233668
 7.321      -111.74238485
 7.324      -111.74243292
 7.326      -111.74248108
 7.329      -111.74252925
 7.331      -111.74257731
 7.334      -111.74262538
 7.336      -111.74267334
 7.339      -111.74272131
 7.341      -111.74276917
 7.344      -111.74281723
 7.346      -111.74286509
 7.349      -111.74291305
 7.351      -111.74296082
 7.354      -111.74300868
 7.356      -111.74305664
 7.359      -111.74310429
 7.361      -111.74315195
 7.364      -111.74319981
 7.366      -111.74324747
 7.369      -111.74329523
 7.371      -111.74334288
 7.374      -111.74339054
 7.376      -111.74343809
 7.379      -111.74348565
 7.381      -111.74353320
 7.384      -111.74358076
 7.386      -111.74362831
 7.389      -111.74367576
 7.391      -111.74372311
 7.394      -111.74377067
 7.396      -111.74381802
 7.399      -111.74386537
 7.401      -111.74391282
 7.404      -111.74396007
 7.406      -111.74400732
 7.409      -111.74405476
 7.411      -111.74410201
 7.414      -111.74414906
 7.416      -111.74419631
 7.419      -111.74424355
 7.421      -111.74429070
 7.424      -111.74433785
 7.426      -111.74438499
 7.429      -111.74443203
 7.431      -111.74447908
 7.434      -111.74452612
 7.436      -111.74457306
 7.439      -111.74462001
 7.441      -111.74466705
 7.444      -111.74471399
 7.446      -111.74476093
 7.449      -111.74480777
 7.451      -111.74485461
 7.454      -111.74490145
 7.456      -111.74494819
 7.459      -111.74499493
 7.461      -111.74504166
 7.464      -111.74508840
 7.466      -111.74513514
 7.469      -111.74518177
 7.471      -111.74522841
 7.474      -111.74527494
 7.476      -111.74532168
 7.479      -111.74536811
 7.481      -111.74541475
 7.484      -111.74546118
 7.486      -111.74550771
 7.489      -111.74555415
 7.491      -111.74560068
 7.494      -111.74564701
 7.496      -111.74569334
 7.499      -111.74573977
 7.501      -111.74578610
 7.504      -111.74583233
 7.506      -111.74587866
 7.509      -111.74592488
 7.511      -111.74597111
 7.514      -111.74601734
 7.516      -111.74606337
 7.519      -111.74610969
 7.521      -111.74615582
 7.524      -111.74620194
 7.526      -111.74624797
 7.529      -111.74629399
 7.531      -111.74633992
 7.534      -111.74638604
 7.536      -111.74643196
 7.539      -111.74647788
 7.541      -111.74652371
 7.544      -111.74656953
 7.546      -111.74661555
 7.549      -111.74666127
 7.551      -111.74670709
 7.554      -111.74675281
 7.556      -111.74679863
 7.559      -111.74684435
 7.561      -111.74688996
 7.564      -111.74693568
 7.566      -111.74698140
 7.569      -111.74702691
 7.571      -111.74707243
 7.574      -111.74711805
 7.576      -111.74716366
 7.579      -111.74720908
 7.581      -111.74725469
 7.584      -111.74730010
 7.586      -111.74734552
 7.589      -111.74739093
 7.591      -111.74743634
 7.594      -111.74748165
 7.596      -111.74752697
 7.599      -111.74757218
 7.601      -111.74761749
 7.604      -111.74766260
 7.606      -111.74770791
 7.609      -111.74775302
 7.611      -111.74779822
 7.614      -111.74784323
 7.616      -111.74788854
 7.619      -111.74793345
 7.621      -111.74797866
 7.624      -111.74802366
 7.626      -111.74806867
 7.629      -111.74811357
 7.631      -111.74815848
 7.634      -111.74820338
 7.636      -111.74824829
 7.639      -111.74829299
 7.641      -111.74833799
 7.644      -111.74838270
 7.646      -111.74842740
 7.649      -111.74847220
 7.651      -111.74851690
 7.654      -111.74856170
 7.656      -111.74860640
 7.659      -111.74865090
 7.661      -111.74869560
 7.664      -111.74874010
 7.666      -111.74878470
 7.669      -111.74882920
 7.671      -111.74887370
 7.674      -111.74891819
 7.676      -111.74896249
 7.679      -111.74900689
 7.681      -111.74905138
 7.684      -111.74909568
 7.686      -111.74914008
 7.689      -111.74918437
 7.691      -111.74922856
 7.694      -111.74927286
 7.696      -111.74931695
 7.699      -111.74936125
 7.701      -111.74940544
 7.704      -111.74944953
 7.706      -111.74949362
 7.709      -111.74953771
 7.711      -111.74958191
 7.714      -111.74962590
 7.716      -111.74966979
 7.719      -111.74971378
 7.721      -111.74975767
 7.724      -111.74980155
 7.726      -111.74984554
 7.729      -111.74988933
 7.731      -111.74993312
 7.734      -111.74997690
 7.736      -111.75002069
 7.739      -111.75006448
 7.741      -111.75010826
 7.744      -111.75015175
 7.746      -111.75019544
 7.749      -111.75023902
 7.751      -111.75028281
 7.754      -111.75032619
 7.756      -111.75036987
 7.759      -111.75041326
 7.761      -111.75045684
 7.764      -111.75050012
 7.766      -111.75054360
 7.769      -111.75058698
 7.771      -111.75063056
 7.774      -111.75067375
 7.776      -111.75071713
 7.779      -111.75076031
 7.781      -111.75080349
 7.784      -111.75084676
 7.786      -111.75088994
 7.789      -111.75093322
 7.791      -111.75097630
 7.794      -111.75101938
 7.796      -111.75106245
 7.799      -111.75110543
 7.801      -111.75114841
 7.804      -111.75119138
 7.806      -111.75123456
 7.809      -111.75127733
 7.811      -111.75132031
 7.814      -111.75136318
 7.816      -111.75140596
 7.819      -111.75144883
 7.821      -111.75149160
 7.824      -111.75153448
 7.826      -111.75157705
 7.829      -111.75161992
 7.831      -111.75166249
 7.834      -111.75170516
 7.836      -111.75174774
 7.839      -111.75179041
 7.841      -111.75183298
 7.844      -111.75187545
 7.846      -111.75191802
 7.849      -111.75196039
 7.851      -111.75200285
 7.854      -111.75204532
 7.856      -111.75208769
 7.859      -111.75213006
 7.861      -111.75217232
 7.864      -111.75221459
 7.866      -111.75225686
 7.869      -111.75229902
 7.871      -111.75234129
 7.874      -111.75238346
 7.876      -111.75242562
 7.879      -111.75246778
 7.881      -111.75250985
 7.884      -111.75255191
 7.886      -111.75259398
 7.889      -111.75263594
 7.891      -111.75267780
 7.894      -111.75271977
 7.896      -111.75276173
 7.899      -111.75280349
 7.901      -111.75284545
 7.904      -111.75288731
 7.906      -111.75292897
 7.909      -111.75297083
 7.911      -111.75301259
 7.914      -111.75305425
 7.916      -111.75309591
 7.919      -111.75313757
 7.921      -111.75317913
 7.924      -111.75322079
 7.926      -111.75326235
 7.929      -111.75330390
 7.931      -111.75334536
 7.934      -111.75338672
 7.936      -111.75342817
 7.939      -111.75346963
 7.941      -111.75351089
 7.944      -111.75355244
 7.946      -111.75359370
 7.949      -111.75363485
 7.951      -111.75367621
 7.954      -111.75371736
 7.956      -111.75375851
 7.959      -111.75379967
 7.961      -111.75384082
 7.964      -111.75388197
 7.966      -111.75392303
 7.969      -111.75396408
 7.971      -111.75400503
 7.974      -111.75404608
 7.976      -111.75408713
 7.979      -111.75412788
 7.981      -111.75416873
 7.984      -111.75420969
 7.986      -111.75425044
 7.989      -111.75429138
 7.991      -111.75433213
 7.994      -111.75437278
 7.996      -111.75441353
 7.999      -111.75445428
 8.001      -111.75449483
 8.004      -111.75453547
 8.006      -111.75457612
 8.009      -111.75461667
 8.011      -111.75465722
 8.014      -111.75469756
 8.016      -111.75473811
 8.019      -111.75477845
 8.021      -111.75481900
 8.024      -111.75485925
 8.026      -111.75489949
 8.029      -111.75493983
 8.031      -111.75498018
 8.034      -111.75502052
 8.036      -111.75506057
 8.039      -111.75510081
 8.041      -111.75514095
 8.044      -111.75518110
 8.046      -111.75522114
 8.049      -111.75526118
 8.051      -111.75530132
 8.054      -111.75534126
 8.056      -111.75538130
 8.059      -111.75542125
 8.061      -111.75546109
 8.064      -111.75550103
 8.066      -111.75554077
 8.069      -111.75558061
 8.071      -111.75562055
 8.074      -111.75566008
 8.076      -111.75569992
 8.079      -111.75573956
 8.081      -111.75577930
 8.084      -111.75581884
 8.086      -111.75585848
 8.089      -111.75589811
 8.091      -111.75593755
 8.094      -111.75597719
 8.096      -111.75601652
 8.099      -111.75605606
 8.101      -111.75609530
 8.104      -111.75613483
 8.106      -111.75617417
 8.109      -111.75621350
 8.111      -111.75625284
 8.114      -111.75629207
 8.116      -111.75633131
 8.119      -111.75637044
 8.121      -111.75640958
 8.124      -111.75644871
 8.126      -111.75648784
 8.129      -111.75652697
 8.131      -111.75656601
 8.134      -111.75660494
 8.136      -111.75664397
 8.139      -111.75668300
 8.141      -111.75672194
 8.144      -111.75676077
 8.146      -111.75679950
 8.149      -111.75683843
 8.151      -111.75687726
 8.154      -111.75691599
 8.156      -111.75695472
 8.159      -111.75699345
 8.161      -111.75703208
 8.164      -111.75707071
 8.166      -111.75710934
 8.169      -111.75714787
 8.171      -111.75718650
 8.174      -111.75722502
 8.176      -111.75726345
 8.179      -111.75730188
 8.181      -111.75734031
 8.184      -111.75737873
 8.186      -111.75741706
 8.189      -111.75745529
 8.191      -111.75749372
 8.194      -111.75753184
 8.196      -111.75757017
 8.199      -111.75760839
 8.201      -111.75764652
 8.204      -111.75768464
 8.206      -111.75772287
 8.209      -111.75776089
 8.211      -111.75779892
 8.214      -111.75783694
 8.216      -111.75787487
 8.219      -111.75791279
 8.221      -111.75795072
 8.224      -111.75798864
 8.226      -111.75802646
 8.229      -111.75806428
 8.231      -111.75810211
 8.234      -111.75813983
 8.236      -111.75817765
 8.239      -111.75821527
 8.241      -111.75825290
 8.244      -111.75829052
 8.246      -111.75832814
 8.249      -111.75836576
 8.251      -111.75840328
 8.254      -111.75844080
 8.256      -111.75847822
 8.259      -111.75851564
 8.261      -111.75855306
 8.264      -111.75859038
 8.266      -111.75862780
 8.269      -111.75866522
 8.271      -111.75870244
 8.274      -111.75873956
 8.276      -111.75877688
 8.279      -111.75881410
 8.281      -111.75885122
 8.284      -111.75888833
 8.286      -111.75892545
 8.289      -111.75896247
 8.291      -111.75899949
 8.294      -111.75903650
 8.296      -111.75907352
 8.299      -111.75911044
 8.301      -111.75914735
 8.304      -111.75918427
 8.306      -111.75922099
 8.309      -111.75925790
 8.311      -111.75929452
 8.314      -111.75933133
 8.316      -111.75936805
 8.319      -111.75940486
 8.321      -111.75944138
 8.324      -111.75947799
 8.326      -111.75951471
 8.329      -111.75955112
 8.331      -111.75958774
 8.334      -111.75962415
 8.336      -111.75966066
 8.339      -111.75969708
 8.341      -111.75973349
 8.344      -111.75976990
 8.346      -111.75980612
 8.349      -111.75984243
 8.351      -111.75987874
 8.354      -111.75991486
 8.356      -111.75995117
 8.359      -111.75998728
 8.361      -111.76002349
 8.364      -111.76005960
 8.366      -111.76009561
 8.369      -111.76013163
 8.371      -111.76016764
 8.374      -111.76020375
 8.376      -111.76023966
 8.379      -111.76027557
 8.381      -111.76031138
 8.384      -111.76034719
 8.386      -111.76038300
 8.389      -111.76041881
 8.391      -111.76045452
 8.394      -111.76049033
 8.396      -111.76052594
 8.399      -111.76056165
 8.401      -111.76059726
 8.404      -111.76063287
 8.406      -111.76066838
 8.409      -111.76070398
 8.411      -111.76073939
 8.414      -111.76077490
 8.416      -111.76081041
 8.419      -111.76084582
 8.421      -111.76088122
 8.424      -111.76091643
 8.426      -111.76095174
 8.429      -111.76098695
 8.431      -111.76102225
 8.434      -111.76105756
 8.436      -111.76109267
 8.439      -111.76112787
 8.441      -111.76116288
 8.444      -111.76119809
 8.446      -111.76123309
 8.449      -111.76126810
 8.451      -111.76130310
 8.454      -111.76133801
 8.456      -111.76137292
 8.459      -111.76140782
 8.461      -111.76144273
 8.464      -111.76147743
 8.466      -111.76151234
 8.469      -111.76154704
 8.471      -111.76158175
 8.474      -111.76161645
 8.476      -111.76165106
 8.479      -111.76168576
 8.481      -111.76172036
 8.484      -111.76175487
 8.486      -111.76178947
 8.489      -111.76182388
 8.491      -111.76185848
 8.494      -111.76189288
 8.496      -111.76192728
 8.499      -111.76196159
 8.501      -111.76199599
 8.504      -111.76203029
 8.506      -111.76206450
 8.509      -111.76209880
 8.511      -111.76213300
 8.514      -111.76216720
 8.516      -111.76220131
 8.519      -111.76223541
 8.521      -111.76226961
 8.524      -111.76230351
 8.526      -111.76233761
 8.529      -111.76237161
 8.531      -111.76240562
 8.534      -111.76243942
 8.536      -111.76247332
 8.539      -111.76250722
 8.541      -111.76254102
 8.544      -111.76257482
 8.546      -111.76260852
 8.549      -111.76264232
 8.551      -111.76267612
 8.554      -111.76270972
 8.556      -111.76274342
 8.559      -111.76277692
 8.561      -111.76281052
 8.564      -111.76284402
 8.566      -111.76287752
 8.569      -111.76291102
 8.571      -111.76294442
 8.574      -111.76297792
 8.576      -111.76301122
 8.579      -111.76304452
 8.581      -111.76307792
 8.584      -111.76311122
 8.586      -111.76314432
 8.589      -111.76317762
 8.591      -111.76321081
 8.594      -111.76324381
 8.596      -111.76327711
 8.599      -111.76331021
 8.601      -111.76334321
 8.604      -111.76337621
 8.606      -111.76340920
 8.609      -111.76344210
 8.611      -111.76347510
 8.614      -111.76350800
 8.616      -111.76354089
 8.619      -111.76357359
 8.621      -111.76360649
 8.624      -111.76363919
 8.626      -111.76367198
 8.629      -111.76370468
 8.631      -111.76373738
 8.634      -111.76376988
 8.636      -111.76380267
 8.639      -111.76383517
 8.641      -111.76386757
 8.644      -111.76390016
 8.646      -111.76393256
 8.649      -111.76396506
 8.651      -111.76399755
 8.654      -111.76402985
 8.656      -111.76406214
 8.659      -111.76409454
 8.661      -111.76412674
 8.664      -111.76415913
 8.666      -111.76419133
 8.669      -111.76422352
 8.671      -111.76425562
 8.674      -111.76428771
 8.676      -111.76431981
 8.679      -111.76435191
 8.681      -111.76438380
 8.684      -111.76441580
 8.686      -111.76444789
 8.689      -111.76447969
 8.691      -111.76451168
 8.694      -111.76454358
 8.696      -111.76457527
 8.699      -111.76460717
 8.701      -111.76463886
 8.704      -111.76467066
 8.706      -111.76470235
 8.709      -111.76473405
 8.711      -111.76476554
 8.714      -111.76479733
 8.716      -111.76482893
 8.719      -111.76486032
 8.721      -111.76489182
 8.724      -111.76492341
 8.726      -111.76495481
 8.729      -111.76498630
 8.731      -111.76501759
 8.734      -111.76504889
 8.736      -111.76508028
 8.739      -111.76511158
 8.741      -111.76514277
 8.744      -111.76517406
 8.746      -111.76520526
 8.749      -111.76523635
 8.751      -111.76526754
 8.754      -111.76529854
 8.756      -111.76532963
 8.759      -111.76536072
 8.761      -111.76539172
 8.764      -111.76542261
 8.766      -111.76545350
 8.769      -111.76548440
 8.771      -111.76551539
 8.774      -111.76554618
 8.776      -111.76557698
 8.779      -111.76560767
 8.781      -111.76563856
 8.784      -111.76566906
 8.786      -111.76569985
 8.789      -111.76573044
 8.791      -111.76576113
 8.794      -111.76579173
 8.796      -111.76582222
 8.799      -111.76585271
 8.801      -111.76588330
 8.804      -111.76591380
 8.806      -111.76594399
 8.809      -111.76597458
 8.811      -111.76600487
 8.814      -111.76603527
 8.816      -111.76606556
 8.819      -111.76609575
 8.821      -111.76612594
 8.824      -111.76615614
 8.826      -111.76618633
 8.829      -111.76621652
 8.831      -111.76624651
 8.834      -111.76627670
 8.836      -111.76630670
 8.839      -111.76633669
 8.841      -111.76636678
 8.844      -111.76639657
 8.846      -111.76642656
 8.849      -111.76645636
 8.851      -111.76648625
 8.854      -111.76651614
 8.856      -111.76654583
 8.859      -111.76657572
 8.861      -111.76660541
 8.864      -111.76663501
 8.866      -111.76666470
 8.869      -111.76669439
 8.871      -111.76672388
 8.874      -111.76675347
 8.876      -111.76678297
 8.879      -111.76681256
 8.881      -111.76684205
 8.884      -111.76687144
 8.886      -111.76690083
 8.889      -111.76693022
 8.891      -111.76695952
 8.894      -111.76698881
 8.896      -111.76701810
 8.899      -111.76704739
 8.901      -111.76707648
 8.904      -111.76710577
 8.906      -111.76713486
 8.909      -111.76716396
 8.911      -111.76719315
 8.914      -111.76722224
 8.916      -111.76725113
 8.919      -111.76728022
 8.921      -111.76730921
 8.924      -111.76733810
 8.926      -111.76736700
 8.929      -111.76739589
 8.931      -111.76742468
 8.934      -111.76745357
 8.936      -111.76748216
 8.939      -111.76751105
 8.941      -111.76753965
 8.944      -111.76756834
 8.946      -111.76759703
 8.949      -111.76762562
 8.951      -111.76765421
 8.954      -111.76768280
 8.956      -111.76771129
 8.959      -111.76773988
 8.961      -111.76776828
 8.964      -111.76779667
 8.966      -111.76782506
 8.969      -111.76785335
 8.971      -111.76788174
 8.974      -111.76791013
 8.976      -111.76793833
 8.979      -111.76796662
 8.981      -111.76799481
 8.984      -111.76802300
 8.986      -111.76805109
 8.989      -111.76807918
 8.991      -111.76810737
 8.994      -111.76813537
 8.996      -111.76816336
 8.999      -111.76819135
 9.001      -111.76821934
 9.004      -111.76824733
